1 1 5 6
1 2 2 6
1 3 2 6
1 4 2 6
1 5 2 6
1 6 4 6
1 7 5 6
1 8 4 6
1 9 5 6
1 10 2 6
1 11 5 6
1 12 2 6
1 13 6 6
1 14 6 6
1 15 4 6
1 16 6 6
1 17 4 6
1 18 5 6
1 19 2 6
1 20 4 6
1 21 4 6
1 22 5 6
1 23 4 6
1 24 2 6
1 25 5 6
1 26 5 6
1 27 5 6
1 28 4 6
1 29 5 6
1 30 5 6
1 31 2 6
1 32 2 6
1 33 2 6
1 34 5 6
1 35 6 6
1 36 4 6
1 37 4 6
1 38 2 6
1 39 4 6
1 40 6 6
1 41 4 6
1 42 4 6
1 43 4 6
1 44 2 6
1 45 4 6
1 46 2 6
1 47 5 6
1 48 6 6
1 49 4 6
1 50 2 6
1 51 4 6
1 52 4 6
1 53 6 6
1 54 4 6
1 55 5 6
1 56 5 6
1 57 4 6
1 58 2 6
1 59 6 6
1 60 6 6
1 61 6 6
1 62 5 6
1 63 2 6
1 64 2 6
1 65 2 6
1 66 5 6
1 67 2 6
1 68 6 6
1 69 5 6
1 70 5 6
1 71 4 6
1 72 2 6
1 73 4 6
1 74 6 6
1 75 2 6
1 76 5 6
1 77 5 6
1 78 6 6
1 79 4 6
1 80 4 6
1 81 4 6
1 82 6 6
1 83 4 6
1 84 6 6
1 85 4 6
1 86 6 6
1 87 6 6
1 88 6 6
1 89 4 6
1 90 4 6
1 91 2 6
1 92 4 6
1 93 4 6
1 94 6 6
1 95 5 6
1 96 2 6
1 97 2 6
1 98 4 6
1 99 6 6
1 100 5 6
2 1 2 6
2 2 6 6
2 3 4 6
2 4 4 6
2 5 6 6
2 6 2 6
2 7 6 6
2 8 6 6
2 9 4 6
2 10 5 6
2 11 2 6
2 12 4 6
2 13 2 6
2 14 5 6
2 15 2 6
2 16 6 6
2 17 6 6
2 18 5 6
2 19 4 6
2 20 6 6
2 21 4 6
2 22 5 6
2 23 6 6
2 24 2 6
2 25 4 6
2 26 2 6
2 27 5 6
2 28 2 6
2 29 2 6
2 30 5 6
2 31 4 6
2 32 5 6
2 33 6 6
2 34 4 6
2 35 4 6
2 36 4 6
2 37 5 6
2 38 4 6
2 39 6 6
2 40 6 6
2 41 5 6
2 42 6 6
2 43 4 6
2 44 5 6
2 45 6 6
2 46 2 6
2 47 2 6
2 48 6 6
2 49 2 6
2 50 2 6
2 51 5 6
2 52 5 6
2 53 6 6
2 54 5 6
2 55 2 6
2 56 6 6
2 57 2 6
2 58 5 6
2 59 2 6
2 60 2 6
2 61 4 6
2 62 6 6
2 63 6 6
2 64 5 6
2 65 6 6
2 66 5 6
2 67 6 6
2 68 6 6
2 69 2 6
2 70 6 6
2 71 4 6
2 72 5 6
2 73 6 6
2 74 6 6
2 75 6 6
2 76 5 6
2 77 2 6
2 78 6 6
2 79 4 6
2 80 5 6
2 81 2 6
2 82 5 6
2 83 5 6
2 84 5 6
2 85 4 6
2 86 5 6
2 87 4 6
2 88 5 6
2 89 2 6
2 90 4 6
2 91 5 6
2 92 4 6
2 93 4 6
2 94 2 6
2 95 6 6
2 96 2 6
2 97 6 6
2 98 4 6
2 99 6 6
2 100 4 6
3 1 5 6
3 2 2 6
3 3 5 6
3 4 6 6
3 5 5 6
3 6 5 6
3 7 5 6
3 8 2 6
3 9 5 6
3 10 2 6
3 11 4 6
3 12 2 6
3 13 4 6
3 14 4 6
3 15 4 6
3 16 6 6
3 17 6 6
3 18 2 6
3 19 4 6
3 20 2 6
3 21 5 6
3 22 5 6
3 23 5 6
3 24 2 6
3 25 4 6
3 26 2 6
3 27 2 6
3 28 6 6
3 29 5 6
3 30 5 6
3 31 5 6
3 32 4 6
3 33 5 6
3 34 4 6
3 35 6 6
3 36 2 6
3 37 6 6
3 38 6 6
3 39 4 6
3 40 5 6
3 41 5 6
3 42 2 6
3 43 6 6
3 44 4 6
3 45 2 6
3 46 2 6
3 47 4 6
3 48 4 6
3 49 2 6
3 50 4 6
3 51 5 6
3 52 5 6
3 53 5 6
3 54 4 6
3 55 4 6
3 56 6 6
3 57 6 6
3 58 2 6
3 59 4 6
3 60 2 6
3 61 6 6
3 62 4 6
3 63 5 6
3 64 5 6
3 65 2 6
3 66 4 6
3 67 2 6
3 68 2 6
3 69 5 6
3 70 2 6
3 71 6 6
3 72 6 6
3 73 2 6
3 74 2 6
3 75 6 6
3 76 4 6
3 77 2 6
3 78 2 6
3 79 4 6
3 80 4 6
3 81 6 6
3 82 6 6
3 83 4 6
3 84 6 6
3 85 5 6
3 86 6 6
3 87 2 6
3 88 6 6
3 89 5 6
3 90 6 6
3 91 5 6
3 92 4 6
3 93 6 6
3 94 6 6
3 95 5 6
3 96 4 6
3 97 4 6
3 98 6 6
3 99 6 6
3 100 6 6
4 1 2 6
4 2 6 6
4 3 6 6
4 4 5 6
4 5 2 6
4 6 6 6
4 7 6 6
4 8 2 6
4 9 2 6
4 10 4 6
4 11 5 6
4 12 2 6
4 13 5 6
4 14 5 6
4 15 4 6
4 16 5 6
4 17 2 6
4 18 2 6
4 19 6 6
4 20 2 6
4 21 4 6
4 22 2 6
4 23 4 6
4 24 6 6
4 25 6 6
4 26 5 6
4 27 4 6
4 28 5 6
4 29 5 6
4 30 2 6
4 31 4 6
4 32 6 6
4 33 6 6
4 34 4 6
4 35 2 6
4 36 5 6
4 37 6 6
4 38 5 6
4 39 2 6
4 40 5 6
4 41 4 6
4 42 5 6
4 43 5 6
4 44 5 6
4 45 4 6
4 46 6 6
4 47 2 6
4 48 6 6
4 49 6 6
4 50 6 6
4 51 6 6
4 52 5 6
4 53 4 6
4 54 6 6
4 55 5 6
4 56 2 6
4 57 4 6
4 58 4 6
4 59 4 6
4 60 2 6
4 61 5 6
4 62 2 6
4 63 6 6
4 64 2 6
4 65 5 6
4 66 4 6
4 67 5 6
4 68 6 6
4 69 2 6
4 70 4 6
4 71 2 6
4 72 6 6
4 73 2 6
4 74 6 6
4 75 2 6
4 76 2 6
4 77 2 6
4 78 2 6
4 79 5 6
4 80 4 6
4 81 6 6
4 82 4 6
4 83 5 6
4 84 2 6
4 85 4 6
4 86 6 6
4 87 5 6
4 88 6 6
4 89 5 6
4 90 5 6
4 91 4 6
4 92 4 6
4 93 2 6
4 94 4 6
4 95 2 6
4 96 5 6
4 97 6 6
4 98 5 6
4 99 5 6
4 100 6 6
5 1 4 6
5 2 6 6
5 3 5 6
5 4 2 6
5 5 6 6
5 6 2 6
5 7 5 6
5 8 4 6
5 9 6 6
5 10 6 6
5 11 4 6
5 12 4 6
5 13 2 6
5 14 6 6
5 15 5 6
5 16 4 6
5 17 5 6
5 18 5 6
5 19 4 6
5 20 5 6
5 21 4 6
5 22 5 6
5 23 5 6
5 24 6 6
5 25 2 6
5 26 2 6
5 27 2 6
5 28 4 6
5 29 6 6
5 30 5 6
5 31 2 6
5 32 4 6
5 33 5 6
5 34 6 6
5 35 2 6
5 36 5 6
5 37 6 6
5 38 2 6
5 39 2 6
5 40 5 6
5 41 4 6
5 42 4 6
5 43 4 6
5 44 4 6
5 45 4 6
5 46 6 6
5 47 5 6
5 48 2 6
5 49 4 6
5 50 2 6
5 51 6 6
5 52 6 6
5 53 6 6
5 54 6 6
5 55 2 6
5 56 6 6
5 57 2 6
5 58 4 6
5 59 4 6
5 60 2 6
5 61 2 6
5 62 2 6
5 63 6 6
5 64 5 6
5 65 5 6
5 66 5 6
5 67 4 6
5 68 4 6
5 69 2 6
5 70 2 6
5 71 4 6
5 72 4 6
5 73 6 6
5 74 5 6
5 75 5 6
5 76 6 6
5 77 5 6
5 78 5 6
5 79 6 6
5 80 4 6
5 81 4 6
5 82 4 6
5 83 2 6
5 84 4 6
5 85 6 6
5 86 6 6
5 87 2 6
5 88 5 6
5 89 6 6
5 90 4 6
5 91 6 6
5 92 4 6
5 93 6 6
5 94 5 6
5 95 5 6
5 96 4 6
5 97 4 6
5 98 2 6
5 99 5 6
5 100 2 6
6 1 4 6
6 2 6 6
6 3 2 6
6 4 4 6
6 5 2 6
6 6 2 6
6 7 2 6
6 8 6 6
6 9 4 6
6 10 4 6
6 11 5 6
6 12 4 6
6 13 6 6
6 14 2 6
6 15 4 6
6 16 5 6
6 17 2 6
6 18 4 6
6 19 5 6
6 20 5 6
6 21 5 6
6 22 5 6
6 23 6 6
6 24 6 6
6 25 6 6
6 26 2 6
6 27 6 6
6 28 2 6
6 29 4 6
6 30 5 6
6 31 4 6
6 32 2 6
6 33 4 6
6 34 5 6
6 35 2 6
6 36 5 6
6 37 6 6
6 38 5 6
6 39 2 6
6 40 6 6
6 41 2 6
6 42 2 6
6 43 2 6
6 44 5 6
6 45 6 6
6 46 2 6
6 47 6 6
6 48 2 6
6 49 2 6
6 50 6 6
6 51 2 6
6 52 5 6
6 53 6 6
6 54 4 6
6 55 5 6
6 56 2 6
6 57 6 6
6 58 2 6
6 59 2 6
6 60 4 6
6 61 4 6
6 62 6 6
6 63 5 6
6 64 5 6
6 65 5 6
6 66 5 6
6 67 2 6
6 68 2 6
6 69 2 6
6 70 5 6
6 71 4 6
6 72 6 6
6 73 2 6
6 74 5 6
6 75 5 6
6 76 4 6
6 77 2 6
6 78 2 6
6 79 4 6
6 80 4 6
6 81 5 6
6 82 5 6
6 83 6 6
6 84 6 6
6 85 2 6
6 86 6 6
6 87 2 6
6 88 5 6
6 89 6 6
6 90 6 6
6 91 6 6
6 92 4 6
6 93 2 6
6 94 5 6
6 95 4 6
6 96 6 6
6 97 6 6
6 98 6 6
6 99 2 6
6 100 4 6
7 1 2 6
7 2 4 6
7 3 6 6
7 4 5 6
7 5 4 6
7 6 4 6
7 7 5 6
7 8 4 6
7 9 6 6
7 10 5 6
7 11 4 6
7 12 6 6
7 13 6 6
7 14 2 6
7 15 5 6
7 16 2 6
7 17 5 6
7 18 5 6
7 19 2 6
7 20 5 6
7 21 2 6
7 22 5 6
7 23 5 6
7 24 4 6
7 25 5 6
7 26 2 6
7 27 5 6
7 28 2 6
7 29 6 6
7 30 2 6
7 31 4 6
7 32 6 6
7 33 5 6
7 34 4 6
7 35 2 6
7 36 2 6
7 37 4 6
7 38 4 6
7 39 6 6
7 40 5 6
7 41 2 6
7 42 6 6
7 43 6 6
7 44 6 6
7 45 5 6
7 46 2 6
7 47 2 6
7 48 6 6
7 49 6 6
7 50 2 6
7 51 6 6
7 52 6 6
7 53 2 6
7 54 2 6
7 55 2 6
7 56 4 6
7 57 4 6
7 58 2 6
7 59 5 6
7 60 2 6
7 61 2 6
7 62 4 6
7 63 4 6
7 64 5 6
7 65 2 6
7 66 5 6
7 67 2 6
7 68 5 6
7 69 2 6
7 70 2 6
7 71 2 6
7 72 6 6
7 73 6 6
7 74 5 6
7 75 2 6
7 76 5 6
7 77 4 6
7 78 5 6
7 79 4 6
7 80 6 6
7 81 4 6
7 82 2 6
7 83 5 6
7 84 6 6
7 85 6 6
7 86 5 6
7 87 6 6
7 88 2 6
7 89 6 6
7 90 4 6
7 91 5 6
7 92 4 6
7 93 4 6
7 94 2 6
7 95 5 6
7 96 2 6
7 97 5 6
7 98 2 6
7 99 2 6
7 100 6 6
8 1 6 6
8 2 6 6
8 3 6 6
8 4 4 6
8 5 5 6
8 6 5 6
8 7 6 6
8 8 5 6
8 9 5 6
8 10 4 6
8 11 5 6
8 12 6 6
8 13 5 6
8 14 5 6
8 15 2 6
8 16 2 6
8 17 5 6
8 18 5 6
8 19 5 6
8 20 2 6
8 21 6 6
8 22 5 6
8 23 6 6
8 24 6 6
8 25 5 6
8 26 4 6
8 27 2 6
8 28 2 6
8 29 5 6
8 30 5 6
8 31 5 6
8 32 5 6
8 33 2 6
8 34 5 6
8 35 2 6
8 36 4 6
8 37 4 6
8 38 6 6
8 39 6 6
8 40 5 6
8 41 4 6
8 42 6 6
8 43 5 6
8 44 2 6
8 45 4 6
8 46 4 6
8 47 6 6
8 48 2 6
8 49 6 6
8 50 6 6
8 51 6 6
8 52 2 6
8 53 5 6
8 54 2 6
8 55 2 6
8 56 2 6
8 57 4 6
8 58 6 6
8 59 4 6
8 60 5 6
8 61 6 6
8 62 5 6
8 63 4 6
8 64 4 6
8 65 4 6
8 66 4 6
8 67 4 6
8 68 2 6
8 69 4 6
8 70 2 6
8 71 5 6
8 72 4 6
8 73 4 6
8 74 5 6
8 75 2 6
8 76 6 6
8 77 6 6
8 78 2 6
8 79 5 6
8 80 2 6
8 81 4 6
8 82 6 6
8 83 4 6
8 84 6 6
8 85 4 6
8 86 5 6
8 87 4 6
8 88 5 6
8 89 5 6
8 90 6 6
8 91 6 6
8 92 2 6
8 93 2 6
8 94 5 6
8 95 6 6
8 96 6 6
8 97 5 6
8 98 4 6
8 99 4 6
8 100 5 6
9 1 5 6
9 2 6 6
9 3 5 6
9 4 4 6
9 5 4 6
9 6 5 6
9 7 2 6
9 8 2 6
9 9 6 6
9 10 6 6
9 11 2 6
9 12 6 6
9 13 2 6
9 14 2 6
9 15 5 6
9 16 5 6
9 17 5 6
9 18 6 6
9 19 2 6
9 20 4 6
9 21 2 6
9 22 5 6
9 23 5 6
9 24 5 6
9 25 5 6
9 26 6 6
9 27 6 6
9 28 5 6
9 29 6 6
9 30 4 6
9 31 2 6
9 32 2 6
9 33 5 6
9 34 5 6
9 35 5 6
9 36 2 6
9 37 2 6
9 38 4 6
9 39 2 6
9 40 5 6
9 41 5 6
9 42 6 6
9 43 2 6
9 44 6 6
9 45 6 6
9 46 4 6
9 47 6 6
9 48 4 6
9 49 2 6
9 50 5 6
9 51 4 6
9 52 2 6
9 53 5 6
9 54 6 6
9 55 4 6
9 56 4 6
9 57 2 6
9 58 4 6
9 59 4 6
9 60 6 6
9 61 2 6
9 62 5 6
9 63 4 6
9 64 5 6
9 65 2 6
9 66 6 6
9 67 6 6
9 68 2 6
9 69 2 6
9 70 4 6
9 71 4 6
9 72 5 6
9 73 4 6
9 74 4 6
9 75 6 6
9 76 6 6
9 77 4 6
9 78 4 6
9 79 5 6
9 80 4 6
9 81 4 6
9 82 5 6
9 83 5 6
9 84 4 6
9 85 5 6
9 86 4 6
9 87 2 6
9 88 6 6
9 89 6 6
9 90 4 6
9 91 4 6
9 92 2 6
9 93 4 6
9 94 5 6
9 95 6 6
9 96 6 6
9 97 4 6
9 98 6 6
9 99 4 6
9 100 2 6
10 1 2 6
10 2 2 6
10 3 2 6
10 4 4 6
10 5 2 6
10 6 6 6
10 7 5 6
10 8 4 6
10 9 6 6
10 10 5 6
10 11 2 6
10 12 2 6
10 13 6 6
10 14 5 6
10 15 2 6
10 16 2 6
10 17 6 6
10 18 6 6
10 19 5 6
10 20 2 6
10 21 2 6
10 22 4 6
10 23 4 6
10 24 2 6
10 25 5 6
10 26 6 6
10 27 4 6
10 28 5 6
10 29 6 6
10 30 5 6
10 31 5 6
10 32 6 6
10 33 5 6
10 34 6 6
10 35 4 6
10 36 5 6
10 37 2 6
10 38 2 6
10 39 2 6
10 40 4 6
10 41 6 6
10 42 5 6
10 43 6 6
10 44 5 6
10 45 2 6
10 46 4 6
10 47 2 6
10 48 5 6
10 49 2 6
10 50 2 6
10 51 4 6
10 52 4 6
10 53 4 6
10 54 4 6
10 55 6 6
10 56 4 6
10 57 2 6
10 58 6 6
10 59 6 6
10 60 4 6
10 61 6 6
10 62 6 6
10 63 4 6
10 64 2 6
10 65 5 6
10 66 5 6
10 67 4 6
10 68 5 6
10 69 6 6
10 70 6 6
10 71 4 6
10 72 2 6
10 73 4 6
10 74 4 6
10 75 2 6
10 76 2 6
10 77 6 6
10 78 2 6
10 79 4 6
10 80 5 6
10 81 5 6
10 82 2 6
10 83 2 6
10 84 2 6
10 85 5 6
10 86 5 6
10 87 6 6
10 88 6 6
10 89 4 6
10 90 2 6
10 91 4 6
10 92 4 6
10 93 4 6
10 94 6 6
10 95 4 6
10 96 4 6
10 97 5 6
10 98 2 6
10 99 5 6
10 100 5 6
11 1 6 6
11 2 5 6
11 3 5 6
11 4 6 6
11 5 4 6
11 6 6 6
11 7 5 6
11 8 4 6
11 9 4 6
11 10 2 6
11 11 6 6
11 12 2 6
11 13 5 6
11 14 2 6
11 15 6 6
11 16 2 6
11 17 6 6
11 18 6 6
11 19 2 6
11 20 4 6
11 21 6 6
11 22 6 6
11 23 6 6
11 24 4 6
11 25 4 6
11 26 5 6
11 27 2 6
11 28 2 6
11 29 5 6
11 30 2 6
11 31 4 6
11 32 2 6
11 33 2 6
11 34 5 6
11 35 4 6
11 36 4 6
11 37 6 6
11 38 4 6
11 39 2 6
11 40 6 6
11 41 6 6
11 42 4 6
11 43 6 6
11 44 6 6
11 45 6 6
11 46 2 6
11 47 6 6
11 48 4 6
11 49 6 6
11 50 4 6
11 51 6 6
11 52 6 6
11 53 2 6
11 54 6 6
11 55 6 6
11 56 6 6
11 57 5 6
11 58 4 6
11 59 2 6
11 60 6 6
11 61 5 6
11 62 4 6
11 63 6 6
11 64 5 6
11 65 6 6
11 66 4 6
11 67 5 6
11 68 4 6
11 69 6 6
11 70 5 6
11 71 4 6
11 72 6 6
11 73 4 6
11 74 5 6
11 75 2 6
11 76 6 6
11 77 4 6
11 78 2 6
11 79 2 6
11 80 5 6
11 81 2 6
11 82 5 6
11 83 4 6
11 84 5 6
11 85 4 6
11 86 2 6
11 87 6 6
11 88 4 6
11 89 4 6
11 90 5 6
11 91 2 6
11 92 2 6
11 93 2 6
11 94 5 6
11 95 5 6
11 96 4 6
11 97 4 6
11 98 6 6
11 99 2 6
11 100 5 6
12 1 2 6
12 2 5 6
12 3 5 6
12 4 2 6
12 5 5 6
12 6 5 6
12 7 5 6
12 8 5 6
12 9 4 6
12 10 5 6
12 11 4 6
12 12 4 6
12 13 6 6
12 14 5 6
12 15 6 6
12 16 5 6
12 17 6 6
12 18 5 6
12 19 2 6
12 20 5 6
12 21 2 6
12 22 4 6
12 23 6 6
12 24 4 6
12 25 6 6
12 26 4 6
12 27 5 6
12 28 2 6
12 29 2 6
12 30 5 6
12 31 4 6
12 32 4 6
12 33 4 6
12 34 6 6
12 35 4 6
12 36 4 6
12 37 6 6
12 38 2 6
12 39 6 6
12 40 2 6
12 41 4 6
12 42 2 6
12 43 2 6
12 44 5 6
12 45 4 6
12 46 6 6
12 47 6 6
12 48 6 6
12 49 4 6
12 50 4 6
12 51 4 6
12 52 2 6
12 53 5 6
12 54 5 6
12 55 2 6
12 56 6 6
12 57 4 6
12 58 6 6
12 59 6 6
12 60 4 6
12 61 2 6
12 62 2 6
12 63 6 6
12 64 6 6
12 65 4 6
12 66 2 6
12 67 2 6
12 68 4 6
12 69 4 6
12 70 6 6
12 71 6 6
12 72 2 6
12 73 2 6
12 74 5 6
12 75 4 6
12 76 4 6
12 77 6 6
12 78 6 6
12 79 6 6
12 80 4 6
12 81 5 6
12 82 4 6
12 83 2 6
12 84 4 6
12 85 2 6
12 86 2 6
12 87 6 6
12 88 5 6
12 89 5 6
12 90 2 6
12 91 6 6
12 92 5 6
12 93 4 6
12 94 5 6
12 95 4 6
12 96 5 6
12 97 6 6
12 98 6 6
12 99 2 6
12 100 5 6
13 1 5 6
13 2 5 6
13 3 4 6
13 4 5 6
13 5 6 6
13 6 6 6
13 7 5 6
13 8 6 6
13 9 4 6
13 10 6 6
13 11 2 6
13 12 4 6
13 13 5 6
13 14 6 6
13 15 2 6
13 16 4 6
13 17 2 6
13 18 6 6
13 19 4 6
13 20 6 6
13 21 6 6
13 22 5 6
13 23 2 6
13 24 5 6
13 25 6 6
13 26 5 6
13 27 4 6
13 28 2 6
13 29 5 6
13 30 2 6
13 31 5 6
13 32 2 6
13 33 6 6
13 34 6 6
13 35 5 6
13 36 6 6
13 37 4 6
13 38 6 6
13 39 5 6
13 40 2 6
13 41 4 6
13 42 5 6
13 43 4 6
13 44 2 6
13 45 2 6
13 46 4 6
13 47 6 6
13 48 2 6
13 49 5 6
13 50 5 6
13 51 2 6
13 52 4 6
13 53 5 6
13 54 2 6
13 55 2 6
13 56 2 6
13 57 5 6
13 58 5 6
13 59 4 6
13 60 5 6
13 61 5 6
13 62 2 6
13 63 4 6
13 64 6 6
13 65 5 6
13 66 6 6
13 67 4 6
13 68 6 6
13 69 2 6
13 70 2 6
13 71 5 6
13 72 5 6
13 73 6 6
13 74 5 6
13 75 2 6
13 76 4 6
13 77 6 6
13 78 2 6
13 79 4 6
13 80 5 6
13 81 4 6
13 82 2 6
13 83 6 6
13 84 2 6
13 85 5 6
13 86 6 6
13 87 2 6
13 88 5 6
13 89 5 6
13 90 2 6
13 91 6 6
13 92 6 6
13 93 2 6
13 94 2 6
13 95 4 6
13 96 2 6
13 97 4 6
13 98 2 6
13 99 6 6
13 100 4 6
14 1 2 6
14 2 4 6
14 3 4 6
14 4 2 6
14 5 4 6
14 6 2 6
14 7 5 6
14 8 4 6
14 9 4 6
14 10 4 6
14 11 4 6
14 12 6 6
14 13 4 6
14 14 4 6
14 15 5 6
14 16 5 6
14 17 2 6
14 18 2 6
14 19 6 6
14 20 4 6
14 21 2 6
14 22 5 6
14 23 2 6
14 24 5 6
14 25 6 6
14 26 4 6
14 27 2 6
14 28 5 6
14 29 4 6
14 30 6 6
14 31 2 6
14 32 2 6
14 33 5 6
14 34 5 6
14 35 6 6
14 36 6 6
14 37 2 6
14 38 6 6
14 39 2 6
14 40 2 6
14 41 6 6
14 42 2 6
14 43 6 6
14 44 6 6
14 45 5 6
14 46 4 6
14 47 2 6
14 48 4 6
14 49 5 6
14 50 4 6
14 51 4 6
14 52 6 6
14 53 4 6
14 54 4 6
14 55 6 6
14 56 5 6
14 57 6 6
14 58 6 6
14 59 4 6
14 60 2 6
14 61 5 6
14 62 2 6
14 63 2 6
14 64 6 6
14 65 6 6
14 66 5 6
14 67 6 6
14 68 2 6
14 69 5 6
14 70 5 6
14 71 2 6
14 72 6 6
14 73 2 6
14 74 5 6
14 75 5 6
14 76 4 6
14 77 2 6
14 78 5 6
14 79 2 6
14 80 4 6
14 81 2 6
14 82 2 6
14 83 5 6
14 84 4 6
14 85 5 6
14 86 2 6
14 87 2 6
14 88 5 6
14 89 6 6
14 90 2 6
14 91 5 6
14 92 5 6
14 93 5 6
14 94 2 6
14 95 4 6
14 96 2 6
14 97 5 6
14 98 5 6
14 99 6 6
14 100 4 6
15 1 2 6
15 2 4 6
15 3 2 6
15 4 5 6
15 5 2 6
15 6 5 6
15 7 4 6
15 8 5 6
15 9 4 6
15 10 4 6
15 11 4 6
15 12 4 6
15 13 5 6
15 14 4 6
15 15 4 6
15 16 2 6
15 17 5 6
15 18 2 6
15 19 6 6
15 20 6 6
15 21 4 6
15 22 6 6
15 23 6 6
15 24 4 6
15 25 5 6
15 26 6 6
15 27 4 6
15 28 2 6
15 29 5 6
15 30 6 6
15 31 5 6
15 32 6 6
15 33 2 6
15 34 2 6
15 35 6 6
15 36 2 6
15 37 6 6
15 38 5 6
15 39 6 6
15 40 4 6
15 41 2 6
15 42 6 6
15 43 4 6
15 44 5 6
15 45 6 6
15 46 6 6
15 47 5 6
15 48 5 6
15 49 4 6
15 50 6 6
15 51 4 6
15 52 2 6
15 53 6 6
15 54 5 6
15 55 5 6
15 56 2 6
15 57 6 6
15 58 6 6
15 59 5 6
15 60 5 6
15 61 5 6
15 62 2 6
15 63 2 6
15 64 4 6
15 65 5 6
15 66 2 6
15 67 5 6
15 68 2 6
15 69 6 6
15 70 4 6
15 71 2 6
15 72 2 6
15 73 6 6
15 74 4 6
15 75 4 6
15 76 4 6
15 77 4 6
15 78 2 6
15 79 4 6
15 80 6 6
15 81 6 6
15 82 4 6
15 83 4 6
15 84 6 6
15 85 2 6
15 86 6 6
15 87 5 6
15 88 5 6
15 89 2 6
15 90 5 6
15 91 6 6
15 92 6 6
15 93 6 6
15 94 4 6
15 95 6 6
15 96 6 6
15 97 6 6
15 98 2 6
15 99 2 6
15 100 2 6
16 1 4 6
16 2 6 6
16 3 2 6
16 4 6 6
16 5 6 6
16 6 4 6
16 7 2 6
16 8 4 6
16 9 6 6
16 10 2 6
16 11 4 6
16 12 4 6
16 13 2 6
16 14 2 6
16 15 5 6
16 16 5 6
16 17 6 6
16 18 6 6
16 19 2 6
16 20 2 6
16 21 5 6
16 22 6 6
16 23 2 6
16 24 4 6
16 25 2 6
16 26 4 6
16 27 6 6
16 28 5 6
16 29 5 6
16 30 4 6
16 31 5 6
16 32 4 6
16 33 2 6
16 34 6 6
16 35 5 6
16 36 2 6
16 37 6 6
16 38 4 6
16 39 4 6
16 40 2 6
16 41 6 6
16 42 5 6
16 43 5 6
16 44 6 6
16 45 4 6
16 46 5 6
16 47 6 6
16 48 4 6
16 49 4 6
16 50 5 6
16 51 5 6
16 52 4 6
16 53 6 6
16 54 4 6
16 55 5 6
16 56 5 6
16 57 5 6
16 58 2 6
16 59 2 6
16 60 6 6
16 61 2 6
16 62 2 6
16 63 4 6
16 64 4 6
16 65 6 6
16 66 6 6
16 67 5 6
16 68 5 6
16 69 2 6
16 70 2 6
16 71 2 6
16 72 5 6
16 73 6 6
16 74 4 6
16 75 5 6
16 76 4 6
16 77 6 6
16 78 5 6
16 79 6 6
16 80 5 6
16 81 4 6
16 82 5 6
16 83 6 6
16 84 2 6
16 85 5 6
16 86 2 6
16 87 6 6
16 88 4 6
16 89 2 6
16 90 5 6
16 91 4 6
16 92 4 6
16 93 4 6
16 94 6 6
16 95 2 6
16 96 2 6
16 97 2 6
16 98 2 6
16 99 2 6
16 100 2 6
17 1 2 6
17 2 4 6
17 3 2 6
17 4 2 6
17 5 2 6
17 6 6 6
17 7 4 6
17 8 4 6
17 9 4 6
17 10 5 6
17 11 4 6
17 12 6 6
17 13 6 6
17 14 5 6
17 15 2 6
17 16 6 6
17 17 5 6
17 18 4 6
17 19 4 6
17 20 5 6
17 21 6 6
17 22 6 6
17 23 6 6
17 24 5 6
17 25 5 6
17 26 2 6
17 27 2 6
17 28 6 6
17 29 6 6
17 30 4 6
17 31 2 6
17 32 5 6
17 33 4 6
17 34 2 6
17 35 5 6
17 36 5 6
17 37 6 6
17 38 5 6
17 39 2 6
17 40 6 6
17 41 2 6
17 42 6 6
17 43 2 6
17 44 2 6
17 45 2 6
17 46 5 6
17 47 6 6
17 48 4 6
17 49 4 6
17 50 5 6
17 51 6 6
17 52 5 6
17 53 4 6
17 54 2 6
17 55 6 6
17 56 5 6
17 57 2 6
17 58 5 6
17 59 5 6
17 60 5 6
17 61 2 6
17 62 4 6
17 63 4 6
17 64 4 6
17 65 2 6
17 66 4 6
17 67 6 6
17 68 4 6
17 69 5 6
17 70 2 6
17 71 4 6
17 72 6 6
17 73 6 6
17 74 6 6
17 75 4 6
17 76 4 6
17 77 2 6
17 78 4 6
17 79 2 6
17 80 5 6
17 81 4 6
17 82 4 6
17 83 6 6
17 84 4 6
17 85 4 6
17 86 5 6
17 87 5 6
17 88 5 6
17 89 6 6
17 90 6 6
17 91 6 6
17 92 6 6
17 93 2 6
17 94 4 6
17 95 6 6
17 96 2 6
17 97 5 6
17 98 6 6
17 99 4 6
17 100 4 6
18 1 6 6
18 2 6 6
18 3 4 6
18 4 2 6
18 5 2 6
18 6 2 6
18 7 2 6
18 8 4 6
18 9 5 6
18 10 4 6
18 11 5 6
18 12 2 6
18 13 2 6
18 14 2 6
18 15 6 6
18 16 6 6
18 17 2 6
18 18 4 6
18 19 4 6
18 20 4 6
18 21 5 6
18 22 4 6
18 23 6 6
18 24 4 6
18 25 5 6
18 26 4 6
18 27 2 6
18 28 2 6
18 29 6 6
18 30 4 6
18 31 2 6
18 32 2 6
18 33 6 6
18 34 5 6
18 35 4 6
18 36 4 6
18 37 4 6
18 38 2 6
18 39 5 6
18 40 5 6
18 41 6 6
18 42 6 6
18 43 6 6
18 44 4 6
18 45 5 6
18 46 2 6
18 47 4 6
18 48 2 6
18 49 2 6
18 50 5 6
18 51 5 6
18 52 5 6
18 53 2 6
18 54 6 6
18 55 2 6
18 56 5 6
18 57 4 6
18 58 2 6
18 59 4 6
18 60 4 6
18 61 5 6
18 62 2 6
18 63 2 6
18 64 6 6
18 65 4 6
18 66 6 6
18 67 6 6
18 68 4 6
18 69 6 6
18 70 5 6
18 71 4 6
18 72 5 6
18 73 6 6
18 74 2 6
18 75 2 6
18 76 6 6
18 77 4 6
18 78 2 6
18 79 5 6
18 80 2 6
18 81 2 6
18 82 6 6
18 83 6 6
18 84 4 6
18 85 2 6
18 86 5 6
18 87 5 6
18 88 5 6
18 89 5 6
18 90 2 6
18 91 5 6
18 92 5 6
18 93 4 6
18 94 5 6
18 95 4 6
18 96 6 6
18 97 6 6
18 98 6 6
18 99 5 6
18 100 4 6
19 1 5 6
19 2 6 6
19 3 5 6
19 4 4 6
19 5 2 6
19 6 2 6
19 7 4 6
19 8 2 6
19 9 5 6
19 10 2 6
19 11 2 6
19 12 5 6
19 13 6 6
19 14 2 6
19 15 6 6
19 16 2 6
19 17 5 6
19 18 6 6
19 19 2 6
19 20 4 6
19 21 4 6
19 22 5 6
19 23 5 6
19 24 2 6
19 25 2 6
19 26 4 6
19 27 5 6
19 28 6 6
19 29 4 6
19 30 4 6
19 31 4 6
19 32 5 6
19 33 2 6
19 34 2 6
19 35 4 6
19 36 4 6
19 37 2 6
19 38 4 6
19 39 6 6
19 40 2 6
19 41 4 6
19 42 5 6
19 43 6 6
19 44 4 6
19 45 5 6
19 46 4 6
19 47 5 6
19 48 6 6
19 49 2 6
19 50 5 6
19 51 4 6
19 52 4 6
19 53 4 6
19 54 6 6
19 55 4 6
19 56 5 6
19 57 6 6
19 58 4 6
19 59 4 6
19 60 2 6
19 61 6 6
19 62 6 6
19 63 2 6
19 64 4 6
19 65 4 6
19 66 6 6
19 67 2 6
19 68 6 6
19 69 5 6
19 70 6 6
19 71 2 6
19 72 5 6
19 73 4 6
19 74 6 6
19 75 4 6
19 76 5 6
19 77 2 6
19 78 4 6
19 79 5 6
19 80 6 6
19 81 6 6
19 82 6 6
19 83 2 6
19 84 4 6
19 85 2 6
19 86 2 6
19 87 2 6
19 88 6 6
19 89 4 6
19 90 6 6
19 91 2 6
19 92 2 6
19 93 2 6
19 94 5 6
19 95 4 6
19 96 6 6
19 97 4 6
19 98 6 6
19 99 4 6
19 100 5 6
20 1 6 6
20 2 4 6
20 3 6 6
20 4 5 6
20 5 5 6
20 6 6 6
20 7 5 6
20 8 6 6
20 9 2 6
20 10 5 6
20 11 2 6
20 12 2 6
20 13 5 6
20 14 2 6
20 15 6 6
20 16 6 6
20 17 4 6
20 18 6 6
20 19 6 6
20 20 5 6
20 21 4 6
20 22 6 6
20 23 2 6
20 24 6 6
20 25 2 6
20 26 6 6
20 27 6 6
20 28 5 6
20 29 5 6
20 30 6 6
20 31 5 6
20 32 4 6
20 33 5 6
20 34 5 6
20 35 2 6
20 36 5 6
20 37 6 6
20 38 5 6
20 39 4 6
20 40 6 6
20 41 6 6
20 42 4 6
20 43 6 6
20 44 2 6
20 45 6 6
20 46 5 6
20 47 5 6
20 48 2 6
20 49 6 6
20 50 4 6
20 51 4 6
20 52 6 6
20 53 2 6
20 54 5 6
20 55 6 6
20 56 5 6
20 57 4 6
20 58 5 6
20 59 2 6
20 60 4 6
20 61 6 6
20 62 4 6
20 63 5 6
20 64 2 6
20 65 2 6
20 66 6 6
20 67 2 6
20 68 5 6
20 69 6 6
20 70 4 6
20 71 4 6
20 72 5 6
20 73 4 6
20 74 6 6
20 75 5 6
20 76 4 6
20 77 4 6
20 78 6 6
20 79 5 6
20 80 4 6
20 81 4 6
20 82 4 6
20 83 4 6
20 84 2 6
20 85 6 6
20 86 4 6
20 87 4 6
20 88 5 6
20 89 6 6
20 90 4 6
20 91 6 6
20 92 2 6
20 93 5 6
20 94 6 6
20 95 6 6
20 96 5 6
20 97 6 6
20 98 4 6
20 99 5 6
20 100 4 6
21 1 2 6
21 2 4 6
21 3 4 6
21 4 5 6
21 5 5 6
21 6 6 6
21 7 6 6
21 8 6 6
21 9 5 6
21 10 6 6
21 11 5 6
21 12 4 6
21 13 2 6
21 14 5 6
21 15 6 6
21 16 6 6
21 17 5 6
21 18 4 6
21 19 4 6
21 20 5 6
21 21 5 6
21 22 2 6
21 23 6 6
21 24 5 6
21 25 6 6
21 26 5 6
21 27 2 6
21 28 4 6
21 29 2 6
21 30 4 6
21 31 2 6
21 32 2 6
21 33 5 6
21 34 2 6
21 35 5 6
21 36 2 6
21 37 2 6
21 38 4 6
21 39 6 6
21 40 4 6
21 41 6 6
21 42 6 6
21 43 6 6
21 44 6 6
21 45 6 6
21 46 4 6
21 47 2 6
21 48 4 6
21 49 2 6
21 50 2 6
21 51 6 6
21 52 2 6
21 53 5 6
21 54 6 6
21 55 2 6
21 56 5 6
21 57 4 6
21 58 2 6
21 59 6 6
21 60 4 6
21 61 5 6
21 62 4 6
21 63 5 6
21 64 6 6
21 65 6 6
21 66 2 6
21 67 4 6
21 68 2 6
21 69 5 6
21 70 4 6
21 71 6 6
21 72 4 6
21 73 4 6
21 74 5 6
21 75 6 6
21 76 2 6
21 77 4 6
21 78 5 6
21 79 5 6
21 80 6 6
21 81 5 6
21 82 2 6
21 83 2 6
21 84 2 6
21 85 5 6
21 86 4 6
21 87 5 6
21 88 6 6
21 89 4 6
21 90 5 6
21 91 5 6
21 92 6 6
21 93 4 6
21 94 2 6
21 95 5 6
21 96 4 6
21 97 5 6
21 98 2 6
21 99 5 6
21 100 4 6
22 1 5 6
22 2 4 6
22 3 2 6
22 4 4 6
22 5 4 6
22 6 4 6
22 7 2 6
22 8 6 6
22 9 5 6
22 10 6 6
22 11 2 6
22 12 6 6
22 13 2 6
22 14 6 6
22 15 5 6
22 16 6 6
22 17 4 6
22 18 5 6
22 19 6 6
22 20 5 6
22 21 5 6
22 22 4 6
22 23 6 6
22 24 6 6
22 25 5 6
22 26 2 6
22 27 2 6
22 28 4 6
22 29 5 6
22 30 2 6
22 31 6 6
22 32 2 6
22 33 6 6
22 34 5 6
22 35 6 6
22 36 4 6
22 37 2 6
22 38 5 6
22 39 2 6
22 40 4 6
22 41 5 6
22 42 6 6
22 43 4 6
22 44 4 6
22 45 6 6
22 46 4 6
22 47 2 6
22 48 4 6
22 49 5 6
22 50 4 6
22 51 6 6
22 52 2 6
22 53 4 6
22 54 5 6
22 55 6 6
22 56 4 6
22 57 6 6
22 58 2 6
22 59 5 6
22 60 2 6
22 61 5 6
22 62 6 6
22 63 2 6
22 64 4 6
22 65 2 6
22 66 5 6
22 67 2 6
22 68 2 6
22 69 2 6
22 70 5 6
22 71 6 6
22 72 4 6
22 73 2 6
22 74 4 6
22 75 6 6
22 76 6 6
22 77 4 6
22 78 5 6
22 79 5 6
22 80 2 6
22 81 5 6
22 82 6 6
22 83 2 6
22 84 2 6
22 85 4 6
22 86 5 6
22 87 2 6
22 88 4 6
22 89 5 6
22 90 2 6
22 91 6 6
22 92 2 6
22 93 6 6
22 94 4 6
22 95 6 6
22 96 4 6
22 97 2 6
22 98 4 6
22 99 6 6
22 100 4 6
23 1 6 6
23 2 6 6
23 3 4 6
23 4 5 6
23 5 2 6
23 6 5 6
23 7 5 6
23 8 4 6
23 9 5 6
23 10 6 6
23 11 4 6
23 12 6 6
23 13 5 6
23 14 5 6
23 15 5 6
23 16 4 6
23 17 2 6
23 18 6 6
23 19 2 6
23 20 6 6
23 21 4 6
23 22 6 6
23 23 2 6
23 24 2 6
23 25 6 6
23 26 4 6
23 27 4 6
23 28 4 6
23 29 5 6
23 30 4 6
23 31 5 6
23 32 4 6
23 33 2 6
23 34 2 6
23 35 4 6
23 36 6 6
23 37 5 6
23 38 6 6
23 39 5 6
23 40 4 6
23 41 2 6
23 42 6 6
23 43 4 6
23 44 5 6
23 45 5 6
23 46 2 6
23 47 4 6
23 48 2 6
23 49 2 6
23 50 4 6
23 51 2 6
23 52 2 6
23 53 4 6
23 54 4 6
23 55 6 6
23 56 6 6
23 57 5 6
23 58 6 6
23 59 2 6
23 60 2 6
23 61 2 6
23 62 5 6
23 63 6 6
23 64 6 6
23 65 5 6
23 66 6 6
23 67 5 6
23 68 5 6
23 69 2 6
23 70 5 6
23 71 2 6
23 72 4 6
23 73 2 6
23 74 6 6
23 75 5 6
23 76 4 6
23 77 5 6
23 78 4 6
23 79 4 6
23 80 5 6
23 81 4 6
23 82 5 6
23 83 6 6
23 84 5 6
23 85 2 6
23 86 2 6
23 87 5 6
23 88 2 6
23 89 5 6
23 90 2 6
23 91 2 6
23 92 4 6
23 93 6 6
23 94 2 6
23 95 5 6
23 96 5 6
23 97 4 6
23 98 2 6
23 99 2 6
23 100 4 6
24 1 4 6
24 2 4 6
24 3 6 6
24 4 4 6
24 5 2 6
24 6 5 6
24 7 4 6
24 8 5 6
24 9 5 6
24 10 2 6
24 11 5 6
24 12 5 6
24 13 4 6
24 14 2 6
24 15 4 6
24 16 5 6
24 17 4 6
24 18 6 6
24 19 5 6
24 20 5 6
24 21 2 6
24 22 6 6
24 23 5 6
24 24 2 6
24 25 5 6
24 26 2 6
24 27 5 6
24 28 5 6
24 29 2 6
24 30 5 6
24 31 5 6
24 32 2 6
24 33 4 6
24 34 6 6
24 35 5 6
24 36 2 6
24 37 4 6
24 38 5 6
24 39 6 6
24 40 2 6
24 41 2 6
24 42 6 6
24 43 6 6
24 44 4 6
24 45 2 6
24 46 4 6
24 47 5 6
24 48 4 6
24 49 4 6
24 50 5 6
24 51 2 6
24 52 6 6
24 53 4 6
24 54 2 6
24 55 4 6
24 56 6 6
24 57 5 6
24 58 2 6
24 59 5 6
24 60 6 6
24 61 2 6
24 62 6 6
24 63 2 6
24 64 2 6
24 65 6 6
24 66 2 6
24 67 2 6
24 68 2 6
24 69 6 6
24 70 6 6
24 71 4 6
24 72 6 6
24 73 6 6
24 74 5 6
24 75 2 6
24 76 4 6
24 77 2 6
24 78 2 6
24 79 2 6
24 80 5 6
24 81 6 6
24 82 6 6
24 83 5 6
24 84 4 6
24 85 4 6
24 86 5 6
24 87 5 6
24 88 6 6
24 89 5 6
24 90 6 6
24 91 2 6
24 92 5 6
24 93 5 6
24 94 4 6
24 95 6 6
24 96 6 6
24 97 4 6
24 98 5 6
24 99 5 6
24 100 5 6
25 1 2 6
25 2 2 6
25 3 4 6
25 4 4 6
25 5 4 6
25 6 5 6
25 7 2 6
25 8 5 6
25 9 2 6
25 10 6 6
25 11 2 6
25 12 4 6
25 13 2 6
25 14 5 6
25 15 4 6
25 16 5 6
25 17 4 6
25 18 6 6
25 19 4 6
25 20 2 6
25 21 4 6
25 22 5 6
25 23 2 6
25 24 2 6
25 25 6 6
25 26 6 6
25 27 2 6
25 28 6 6
25 29 2 6
25 30 5 6
25 31 2 6
25 32 5 6
25 33 6 6
25 34 5 6
25 35 6 6
25 36 5 6
25 37 2 6
25 38 2 6
25 39 6 6
25 40 4 6
25 41 6 6
25 42 2 6
25 43 4 6
25 44 4 6
25 45 6 6
25 46 5 6
25 47 2 6
25 48 2 6
25 49 2 6
25 50 2 6
25 51 6 6
25 52 2 6
25 53 6 6
25 54 6 6
25 55 6 6
25 56 5 6
25 57 6 6
25 58 4 6
25 59 5 6
25 60 6 6
25 61 2 6
25 62 4 6
25 63 2 6
25 64 4 6
25 65 4 6
25 66 6 6
25 67 6 6
25 68 5 6
25 69 5 6
25 70 5 6
25 71 4 6
25 72 4 6
25 73 5 6
25 74 5 6
25 75 2 6
25 76 5 6
25 77 6 6
25 78 4 6
25 79 4 6
25 80 4 6
25 81 4 6
25 82 5 6
25 83 4 6
25 84 5 6
25 85 2 6
25 86 5 6
25 87 4 6
25 88 2 6
25 89 4 6
25 90 4 6
25 91 5 6
25 92 4 6
25 93 4 6
25 94 6 6
25 95 2 6
25 96 6 6
25 97 6 6
25 98 4 6
25 99 2 6
25 100 6 6
26 1 2 6
26 2 5 6
26 3 6 6
26 4 5 6
26 5 5 6
26 6 2 6
26 7 2 6
26 8 2 6
26 9 4 6
26 10 6 6
26 11 2 6
26 12 5 6
26 13 5 6
26 14 6 6
26 15 2 6
26 16 4 6
26 17 2 6
26 18 5 6
26 19 4 6
26 20 4 6
26 21 6 6
26 22 6 6
26 23 6 6
26 24 5 6
26 25 2 6
26 26 4 6
26 27 5 6
26 28 5 6
26 29 5 6
26 30 6 6
26 31 4 6
26 32 5 6
26 33 4 6
26 34 5 6
26 35 5 6
26 36 2 6
26 37 5 6
26 38 6 6
26 39 6 6
26 40 4 6
26 41 2 6
26 42 4 6
26 43 5 6
26 44 5 6
26 45 2 6
26 46 2 6
26 47 2 6
26 48 4 6
26 49 5 6
26 50 6 6
26 51 6 6
26 52 6 6
26 53 2 6
26 54 2 6
26 55 2 6
26 56 2 6
26 57 6 6
26 58 2 6
26 59 6 6
26 60 4 6
26 61 6 6
26 62 5 6
26 63 4 6
26 64 4 6
26 65 4 6
26 66 6 6
26 67 5 6
26 68 4 6
26 69 2 6
26 70 5 6
26 71 4 6
26 72 4 6
26 73 6 6
26 74 2 6
26 75 5 6
26 76 2 6
26 77 5 6
26 78 4 6
26 79 5 6
26 80 2 6
26 81 4 6
26 82 5 6
26 83 6 6
26 84 2 6
26 85 6 6
26 86 4 6
26 87 4 6
26 88 6 6
26 89 2 6
26 90 2 6
26 91 5 6
26 92 5 6
26 93 6 6
26 94 6 6
26 95 2 6
26 96 5 6
26 97 6 6
26 98 2 6
26 99 5 6
26 100 6 6
27 1 6 6
27 2 6 6
27 3 4 6
27 4 6 6
27 5 4 6
27 6 6 6
27 7 5 6
27 8 6 6
27 9 6 6
27 10 2 6
27 11 5 6
27 12 2 6
27 13 4 6
27 14 4 6
27 15 4 6
27 16 2 6
27 17 6 6
27 18 4 6
27 19 4 6
27 20 4 6
27 21 4 6
27 22 2 6
27 23 2 6
27 24 5 6
27 25 2 6
27 26 4 6
27 27 2 6
27 28 6 6
27 29 5 6
27 30 6 6
27 31 6 6
27 32 6 6
27 33 5 6
27 34 2 6
27 35 4 6
27 36 2 6
27 37 6 6
27 38 5 6
27 39 5 6
27 40 6 6
27 41 2 6
27 42 4 6
27 43 4 6
27 44 4 6
27 45 5 6
27 46 4 6
27 47 5 6
27 48 2 6
27 49 2 6
27 50 4 6
27 51 5 6
27 52 6 6
27 53 2 6
27 54 6 6
27 55 4 6
27 56 6 6
27 57 6 6
27 58 5 6
27 59 5 6
27 60 5 6
27 61 6 6
27 62 2 6
27 63 5 6
27 64 2 6
27 65 6 6
27 66 4 6
27 67 5 6
27 68 6 6
27 69 4 6
27 70 5 6
27 71 2 6
27 72 5 6
27 73 2 6
27 74 4 6
27 75 2 6
27 76 5 6
27 77 4 6
27 78 4 6
27 79 5 6
27 80 6 6
27 81 5 6
27 82 2 6
27 83 2 6
27 84 2 6
27 85 4 6
27 86 6 6
27 87 2 6
27 88 4 6
27 89 4 6
27 90 4 6
27 91 4 6
27 92 5 6
27 93 2 6
27 94 2 6
27 95 6 6
27 96 4 6
27 97 2 6
27 98 4 6
27 99 5 6
27 100 5 6
28 1 5 6
28 2 2 6
28 3 6 6
28 4 6 6
28 5 5 6
28 6 4 6
28 7 6 6
28 8 5 6
28 9 6 6
28 10 2 6
28 11 4 6
28 12 5 6
28 13 2 6
28 14 4 6
28 15 5 6
28 16 6 6
28 17 2 6
28 18 6 6
28 19 6 6
28 20 5 6
28 21 2 6
28 22 5 6
28 23 4 6
28 24 5 6
28 25 2 6
28 26 5 6
28 27 4 6
28 28 2 6
28 29 2 6
28 30 4 6
28 31 4 6
28 32 5 6
28 33 5 6
28 34 4 6
28 35 6 6
28 36 4 6
28 37 4 6
28 38 5 6
28 39 4 6
28 40 4 6
28 41 4 6
28 42 5 6
28 43 4 6
28 44 5 6
28 45 2 6
28 46 4 6
28 47 6 6
28 48 2 6
28 49 2 6
28 50 6 6
28 51 4 6
28 52 2 6
28 53 2 6
28 54 2 6
28 55 2 6
28 56 6 6
28 57 5 6
28 58 4 6
28 59 4 6
28 60 4 6
28 61 5 6
28 62 4 6
28 63 6 6
28 64 5 6
28 65 5 6
28 66 2 6
28 67 4 6
28 68 4 6
28 69 2 6
28 70 4 6
28 71 4 6
28 72 6 6
28 73 2 6
28 74 5 6
28 75 6 6
28 76 5 6
28 77 2 6
28 78 6 6
28 79 6 6
28 80 5 6
28 81 4 6
28 82 5 6
28 83 5 6
28 84 4 6
28 85 6 6
28 86 5 6
28 87 2 6
28 88 4 6
28 89 6 6
28 90 5 6
28 91 4 6
28 92 2 6
28 93 5 6
28 94 4 6
28 95 4 6
28 96 2 6
28 97 5 6
28 98 2 6
28 99 4 6
28 100 5 6
29 1 6 6
29 2 2 6
29 3 5 6
29 4 6 6
29 5 4 6
29 6 6 6
29 7 2 6
29 8 4 6
29 9 4 6
29 10 4 6
29 11 5 6
29 12 2 6
29 13 6 6
29 14 5 6
29 15 6 6
29 16 5 6
29 17 4 6
29 18 2 6
29 19 2 6
29 20 5 6
29 21 4 6
29 22 6 6
29 23 4 6
29 24 4 6
29 25 5 6
29 26 2 6
29 27 5 6
29 28 2 6
29 29 2 6
29 30 6 6
29 31 6 6
29 32 5 6
29 33 4 6
29 34 2 6
29 35 6 6
29 36 6 6
29 37 6 6
29 38 4 6
29 39 2 6
29 40 5 6
29 41 5 6
29 42 5 6
29 43 6 6
29 44 2 6
29 45 6 6
29 46 6 6
29 47 2 6
29 48 4 6
29 49 2 6
29 50 6 6
29 51 5 6
29 52 6 6
29 53 4 6
29 54 4 6
29 55 5 6
29 56 5 6
29 57 6 6
29 58 2 6
29 59 5 6
29 60 4 6
29 61 4 6
29 62 4 6
29 63 4 6
29 64 6 6
29 65 5 6
29 66 4 6
29 67 4 6
29 68 6 6
29 69 4 6
29 70 4 6
29 71 6 6
29 72 6 6
29 73 4 6
29 74 4 6
29 75 5 6
29 76 2 6
29 77 4 6
29 78 5 6
29 79 5 6
29 80 6 6
29 81 2 6
29 82 5 6
29 83 5 6
29 84 6 6
29 85 2 6
29 86 4 6
29 87 6 6
29 88 6 6
29 89 2 6
29 90 6 6
29 91 4 6
29 92 6 6
29 93 6 6
29 94 4 6
29 95 2 6
29 96 5 6
29 97 6 6
29 98 4 6
29 99 5 6
29 100 6 6
30 1 2 6
30 2 5 6
30 3 5 6
30 4 6 6
30 5 6 6
30 6 2 6
30 7 6 6
30 8 2 6
30 9 4 6
30 10 4 6
30 11 5 6
30 12 6 6
30 13 6 6
30 14 6 6
30 15 6 6
30 16 4 6
30 17 4 6
30 18 4 6
30 19 5 6
30 20 4 6
30 21 6 6
30 22 6 6
30 23 4 6
30 24 2 6
30 25 2 6
30 26 5 6
30 27 2 6
30 28 5 6
30 29 6 6
30 30 2 6
30 31 2 6
30 32 2 6
30 33 4 6
30 34 5 6
30 35 2 6
30 36 4 6
30 37 2 6
30 38 6 6
30 39 4 6
30 40 6 6
30 41 5 6
30 42 6 6
30 43 6 6
30 44 5 6
30 45 5 6
30 46 4 6
30 47 5 6
30 48 5 6
30 49 2 6
30 50 4 6
30 51 5 6
30 52 6 6
30 53 6 6
30 54 6 6
30 55 5 6
30 56 4 6
30 57 6 6
30 58 6 6
30 59 5 6
30 60 6 6
30 61 4 6
30 62 4 6
30 63 4 6
30 64 5 6
30 65 4 6
30 66 6 6
30 67 5 6
30 68 5 6
30 69 4 6
30 70 2 6
30 71 4 6
30 72 6 6
30 73 6 6
30 74 2 6
30 75 2 6
30 76 4 6
30 77 5 6
30 78 6 6
30 79 6 6
30 80 2 6
30 81 4 6
30 82 2 6
30 83 4 6
30 84 2 6
30 85 5 6
30 86 5 6
30 87 4 6
30 88 2 6
30 89 2 6
30 90 6 6
30 91 6 6
30 92 5 6
30 93 5 6
30 94 4 6
30 95 5 6
30 96 4 6
30 97 6 6
30 98 6 6
30 99 2 6
30 100 2 6
31 1 6 6
31 2 6 6
31 3 6 6
31 4 5 6
31 5 2 6
31 6 4 6
31 7 4 6
31 8 5 6
31 9 4 6
31 10 5 6
31 11 5 6
31 12 6 6
31 13 2 6
31 14 6 6
31 15 2 6
31 16 5 6
31 17 5 6
31 18 5 6
31 19 2 6
31 20 5 6
31 21 6 6
31 22 5 6
31 23 2 6
31 24 5 6
31 25 4 6
31 26 4 6
31 27 4 6
31 28 5 6
31 29 5 6
31 30 2 6
31 31 2 6
31 32 4 6
31 33 5 6
31 34 4 6
31 35 2 6
31 36 2 6
31 37 4 6
31 38 4 6
31 39 2 6
31 40 6 6
31 41 2 6
31 42 2 6
31 43 5 6
31 44 6 6
31 45 6 6
31 46 2 6
31 47 6 6
31 48 5 6
31 49 5 6
31 50 6 6
31 51 6 6
31 52 6 6
31 53 2 6
31 54 4 6
31 55 5 6
31 56 6 6
31 57 4 6
31 58 6 6
31 59 6 6
31 60 6 6
31 61 6 6
31 62 6 6
31 63 2 6
31 64 6 6
31 65 6 6
31 66 4 6
31 67 5 6
31 68 4 6
31 69 2 6
31 70 6 6
31 71 6 6
31 72 6 6
31 73 4 6
31 74 4 6
31 75 6 6
31 76 4 6
31 77 5 6
31 78 4 6
31 79 5 6
31 80 2 6
31 81 6 6
31 82 5 6
31 83 6 6
31 84 6 6
31 85 6 6
31 86 5 6
31 87 6 6
31 88 5 6
31 89 6 6
31 90 4 6
31 91 6 6
31 92 2 6
31 93 6 6
31 94 2 6
31 95 4 6
31 96 4 6
31 97 2 6
31 98 4 6
31 99 5 6
31 100 2 6
32 1 4 6
32 2 2 6
32 3 4 6
32 4 2 6
32 5 2 6
32 6 4 6
32 7 5 6
32 8 5 6
32 9 4 6
32 10 5 6
32 11 2 6
32 12 5 6
32 13 6 6
32 14 2 6
32 15 5 6
32 16 5 6
32 17 6 6
32 18 2 6
32 19 4 6
32 20 5 6
32 21 5 6
32 22 2 6
32 23 6 6
32 24 4 6
32 25 2 6
32 26 4 6
32 27 2 6
32 28 4 6
32 29 2 6
32 30 2 6
32 31 4 6
32 32 2 6
32 33 2 6
32 34 6 6
32 35 6 6
32 36 2 6
32 37 5 6
32 38 2 6
32 39 6 6
32 40 4 6
32 41 2 6
32 42 5 6
32 43 6 6
32 44 5 6
32 45 4 6
32 46 6 6
32 47 4 6
32 48 6 6
32 49 4 6
32 50 6 6
32 51 2 6
32 52 2 6
32 53 6 6
32 54 5 6
32 55 6 6
32 56 2 6
32 57 2 6
32 58 4 6
32 59 4 6
32 60 6 6
32 61 2 6
32 62 4 6
32 63 6 6
32 64 6 6
32 65 2 6
32 66 6 6
32 67 6 6
32 68 6 6
32 69 6 6
32 70 2 6
32 71 4 6
32 72 5 6
32 73 4 6
32 74 5 6
32 75 4 6
32 76 5 6
32 77 5 6
32 78 2 6
32 79 4 6
32 80 4 6
32 81 2 6
32 82 5 6
32 83 4 6
32 84 4 6
32 85 6 6
32 86 6 6
32 87 6 6
32 88 5 6
32 89 5 6
32 90 4 6
32 91 4 6
32 92 6 6
32 93 5 6
32 94 4 6
32 95 4 6
32 96 4 6
32 97 2 6
32 98 5 6
32 99 5 6
32 100 5 6
33 1 2 6
33 2 4 6
33 3 5 6
33 4 6 6
33 5 4 6
33 6 4 6
33 7 6 6
33 8 6 6
33 9 2 6
33 10 4 6
33 11 6 6
33 12 2 6
33 13 5 6
33 14 2 6
33 15 2 6
33 16 6 6
33 17 6 6
33 18 5 6
33 19 5 6
33 20 4 6
33 21 5 6
33 22 2 6
33 23 5 6
33 24 6 6
33 25 2 6
33 26 6 6
33 27 5 6
33 28 4 6
33 29 2 6
33 30 4 6
33 31 4 6
33 32 6 6
33 33 6 6
33 34 2 6
33 35 6 6
33 36 6 6
33 37 2 6
33 38 5 6
33 39 6 6
33 40 5 6
33 41 5 6
33 42 4 6
33 43 2 6
33 44 6 6
33 45 6 6
33 46 6 6
33 47 2 6
33 48 4 6
33 49 6 6
33 50 5 6
33 51 4 6
33 52 4 6
33 53 4 6
33 54 4 6
33 55 5 6
33 56 2 6
33 57 6 6
33 58 4 6
33 59 6 6
33 60 4 6
33 61 5 6
33 62 6 6
33 63 6 6
33 64 2 6
33 65 5 6
33 66 5 6
33 67 5 6
33 68 5 6
33 69 5 6
33 70 4 6
33 71 2 6
33 72 2 6
33 73 2 6
33 74 5 6
33 75 2 6
33 76 6 6
33 77 4 6
33 78 5 6
33 79 6 6
33 80 4 6
33 81 6 6
33 82 5 6
33 83 4 6
33 84 4 6
33 85 2 6
33 86 4 6
33 87 5 6
33 88 4 6
33 89 2 6
33 90 4 6
33 91 4 6
33 92 5 6
33 93 6 6
33 94 2 6
33 95 2 6
33 96 5 6
33 97 5 6
33 98 5 6
33 99 6 6
33 100 5 6
34 1 6 6
34 2 4 6
34 3 5 6
34 4 5 6
34 5 4 6
34 6 6 6
34 7 6 6
34 8 2 6
34 9 5 6
34 10 2 6
34 11 6 6
34 12 2 6
34 13 2 6
34 14 5 6
34 15 2 6
34 16 5 6
34 17 6 6
34 18 5 6
34 19 6 6
34 20 6 6
34 21 5 6
34 22 4 6
34 23 6 6
34 24 2 6
34 25 2 6
34 26 6 6
34 27 5 6
34 28 5 6
34 29 5 6
34 30 5 6
34 31 5 6
34 32 6 6
34 33 4 6
34 34 2 6
34 35 5 6
34 36 4 6
34 37 4 6
34 38 5 6
34 39 5 6
34 40 4 6
34 41 5 6
34 42 6 6
34 43 4 6
34 44 2 6
34 45 2 6
34 46 2 6
34 47 2 6
34 48 5 6
34 49 5 6
34 50 5 6
34 51 2 6
34 52 6 6
34 53 2 6
34 54 6 6
34 55 2 6
34 56 6 6
34 57 2 6
34 58 4 6
34 59 4 6
34 60 4 6
34 61 5 6
34 62 2 6
34 63 2 6
34 64 2 6
34 65 2 6
34 66 6 6
34 67 6 6
34 68 4 6
34 69 4 6
34 70 2 6
34 71 6 6
34 72 5 6
34 73 4 6
34 74 4 6
34 75 4 6
34 76 2 6
34 77 5 6
34 78 5 6
34 79 2 6
34 80 2 6
34 81 5 6
34 82 5 6
34 83 2 6
34 84 6 6
34 85 5 6
34 86 5 6
34 87 5 6
34 88 4 6
34 89 2 6
34 90 4 6
34 91 2 6
34 92 5 6
34 93 5 6
34 94 2 6
34 95 2 6
34 96 6 6
34 97 2 6
34 98 6 6
34 99 4 6
34 100 2 6
35 1 6 6
35 2 4 6
35 3 2 6
35 4 2 6
35 5 4 6
35 6 6 6
35 7 4 6
35 8 4 6
35 9 5 6
35 10 6 6
35 11 5 6
35 12 2 6
35 13 2 6
35 14 4 6
35 15 4 6
35 16 5 6
35 17 5 6
35 18 4 6
35 19 4 6
35 20 6 6
35 21 4 6
35 22 6 6
35 23 5 6
35 24 6 6
35 25 4 6
35 26 5 6
35 27 2 6
35 28 4 6
35 29 6 6
35 30 5 6
35 31 6 6
35 32 2 6
35 33 2 6
35 34 6 6
35 35 2 6
35 36 2 6
35 37 5 6
35 38 5 6
35 39 4 6
35 40 5 6
35 41 5 6
35 42 4 6
35 43 4 6
35 44 4 6
35 45 6 6
35 46 5 6
35 47 6 6
35 48 6 6
35 49 4 6
35 50 5 6
35 51 4 6
35 52 4 6
35 53 2 6
35 54 5 6
35 55 4 6
35 56 5 6
35 57 5 6
35 58 6 6
35 59 5 6
35 60 6 6
35 61 4 6
35 62 4 6
35 63 2 6
35 64 4 6
35 65 4 6
35 66 2 6
35 67 6 6
35 68 6 6
35 69 4 6
35 70 4 6
35 71 2 6
35 72 5 6
35 73 4 6
35 74 4 6
35 75 2 6
35 76 5 6
35 77 6 6
35 78 4 6
35 79 2 6
35 80 4 6
35 81 6 6
35 82 2 6
35 83 5 6
35 84 2 6
35 85 5 6
35 86 5 6
35 87 6 6
35 88 6 6
35 89 5 6
35 90 6 6
35 91 2 6
35 92 4 6
35 93 4 6
35 94 2 6
35 95 2 6
35 96 5 6
35 97 5 6
35 98 2 6
35 99 5 6
35 100 2 6
36 1 6 6
36 2 5 6
36 3 5 6
36 4 6 6
36 5 2 6
36 6 2 6
36 7 5 6
36 8 2 6
36 9 4 6
36 10 5 6
36 11 5 6
36 12 5 6
36 13 5 6
36 14 5 6
36 15 4 6
36 16 2 6
36 17 2 6
36 18 5 6
36 19 6 6
36 20 4 6
36 21 6 6
36 22 5 6
36 23 6 6
36 24 5 6
36 25 4 6
36 26 6 6
36 27 4 6
36 28 2 6
36 29 2 6
36 30 5 6
36 31 4 6
36 32 6 6
36 33 6 6
36 34 6 6
36 35 4 6
36 36 2 6
36 37 4 6
36 38 2 6
36 39 5 6
36 40 4 6
36 41 2 6
36 42 4 6
36 43 5 6
36 44 6 6
36 45 2 6
36 46 2 6
36 47 5 6
36 48 4 6
36 49 5 6
36 50 4 6
36 51 2 6
36 52 2 6
36 53 2 6
36 54 2 6
36 55 2 6
36 56 5 6
36 57 6 6
36 58 2 6
36 59 4 6
36 60 4 6
36 61 6 6
36 62 6 6
36 63 6 6
36 64 2 6
36 65 4 6
36 66 5 6
36 67 4 6
36 68 6 6
36 69 6 6
36 70 2 6
36 71 2 6
36 72 5 6
36 73 2 6
36 74 5 6
36 75 5 6
36 76 2 6
36 77 2 6
36 78 6 6
36 79 6 6
36 80 4 6
36 81 6 6
36 82 6 6
36 83 5 6
36 84 6 6
36 85 2 6
36 86 2 6
36 87 2 6
36 88 2 6
36 89 6 6
36 90 2 6
36 91 4 6
36 92 6 6
36 93 4 6
36 94 5 6
36 95 6 6
36 96 5 6
36 97 4 6
36 98 2 6
36 99 6 6
36 100 6 6
37 1 5 6
37 2 5 6
37 3 2 6
37 4 6 6
37 5 5 6
37 6 4 6
37 7 5 6
37 8 4 6
37 9 5 6
37 10 6 6
37 11 5 6
37 12 4 6
37 13 5 6
37 14 5 6
37 15 2 6
37 16 5 6
37 17 2 6
37 18 4 6
37 19 4 6
37 20 4 6
37 21 5 6
37 22 4 6
37 23 6 6
37 24 5 6
37 25 2 6
37 26 5 6
37 27 6 6
37 28 2 6
37 29 5 6
37 30 2 6
37 31 2 6
37 32 6 6
37 33 2 6
37 34 5 6
37 35 5 6
37 36 5 6
37 37 2 6
37 38 2 6
37 39 5 6
37 40 2 6
37 41 5 6
37 42 6 6
37 43 2 6
37 44 6 6
37 45 4 6
37 46 2 6
37 47 4 6
37 48 6 6
37 49 4 6
37 50 6 6
37 51 4 6
37 52 6 6
37 53 4 6
37 54 2 6
37 55 6 6
37 56 6 6
37 57 4 6
37 58 2 6
37 59 5 6
37 60 6 6
37 61 5 6
37 62 4 6
37 63 4 6
37 64 6 6
37 65 6 6
37 66 4 6
37 67 5 6
37 68 6 6
37 69 2 6
37 70 2 6
37 71 6 6
37 72 2 6
37 73 5 6
37 74 2 6
37 75 6 6
37 76 2 6
37 77 2 6
37 78 2 6
37 79 6 6
37 80 5 6
37 81 5 6
37 82 5 6
37 83 4 6
37 84 4 6
37 85 2 6
37 86 5 6
37 87 6 6
37 88 4 6
37 89 6 6
37 90 6 6
37 91 6 6
37 92 5 6
37 93 2 6
37 94 2 6
37 95 5 6
37 96 5 6
37 97 6 6
37 98 6 6
37 99 4 6
37 100 5 6
38 1 5 6
38 2 2 6
38 3 5 6
38 4 4 6
38 5 2 6
38 6 6 6
38 7 2 6
38 8 4 6
38 9 2 6
38 10 2 6
38 11 2 6
38 12 5 6
38 13 5 6
38 14 2 6
38 15 6 6
38 16 6 6
38 17 2 6
38 18 4 6
38 19 2 6
38 20 5 6
38 21 5 6
38 22 2 6
38 23 2 6
38 24 6 6
38 25 6 6
38 26 5 6
38 27 5 6
38 28 6 6
38 29 2 6
38 30 6 6
38 31 6 6
38 32 4 6
38 33 6 6
38 34 4 6
38 35 2 6
38 36 5 6
38 37 6 6
38 38 6 6
38 39 5 6
38 40 4 6
38 41 4 6
38 42 4 6
38 43 4 6
38 44 5 6
38 45 6 6
38 46 5 6
38 47 2 6
38 48 5 6
38 49 6 6
38 50 6 6
38 51 4 6
38 52 2 6
38 53 2 6
38 54 2 6
38 55 2 6
38 56 4 6
38 57 6 6
38 58 6 6
38 59 4 6
38 60 5 6
38 61 6 6
38 62 5 6
38 63 5 6
38 64 2 6
38 65 5 6
38 66 6 6
38 67 4 6
38 68 5 6
38 69 4 6
38 70 2 6
38 71 5 6
38 72 6 6
38 73 6 6
38 74 2 6
38 75 5 6
38 76 5 6
38 77 4 6
38 78 2 6
38 79 6 6
38 80 5 6
38 81 6 6
38 82 4 6
38 83 4 6
38 84 5 6
38 85 4 6
38 86 6 6
38 87 4 6
38 88 5 6
38 89 6 6
38 90 6 6
38 91 4 6
38 92 5 6
38 93 2 6
38 94 6 6
38 95 6 6
38 96 2 6
38 97 6 6
38 98 5 6
38 99 6 6
38 100 6 6
39 1 6 6
39 2 6 6
39 3 2 6
39 4 2 6
39 5 4 6
39 6 4 6
39 7 6 6
39 8 5 6
39 9 2 6
39 10 4 6
39 11 4 6
39 12 5 6
39 13 5 6
39 14 5 6
39 15 5 6
39 16 4 6
39 17 6 6
39 18 2 6
39 19 2 6
39 20 2 6
39 21 5 6
39 22 4 6
39 23 6 6
39 24 4 6
39 25 6 6
39 26 2 6
39 27 4 6
39 28 5 6
39 29 2 6
39 30 2 6
39 31 5 6
39 32 5 6
39 33 5 6
39 34 5 6
39 35 4 6
39 36 5 6
39 37 5 6
39 38 6 6
39 39 5 6
39 40 6 6
39 41 6 6
39 42 4 6
39 43 2 6
39 44 2 6
39 45 5 6
39 46 6 6
39 47 5 6
39 48 2 6
39 49 2 6
39 50 2 6
39 51 6 6
39 52 2 6
39 53 5 6
39 54 4 6
39 55 5 6
39 56 5 6
39 57 4 6
39 58 5 6
39 59 4 6
39 60 2 6
39 61 2 6
39 62 4 6
39 63 6 6
39 64 6 6
39 65 5 6
39 66 4 6
39 67 4 6
39 68 5 6
39 69 5 6
39 70 6 6
39 71 6 6
39 72 5 6
39 73 2 6
39 74 6 6
39 75 6 6
39 76 5 6
39 77 5 6
39 78 6 6
39 79 5 6
39 80 5 6
39 81 4 6
39 82 4 6
39 83 5 6
39 84 4 6
39 85 5 6
39 86 6 6
39 87 4 6
39 88 6 6
39 89 6 6
39 90 4 6
39 91 6 6
39 92 2 6
39 93 4 6
39 94 2 6
39 95 5 6
39 96 2 6
39 97 5 6
39 98 5 6
39 99 2 6
39 100 5 6
40 1 2 6
40 2 2 6
40 3 6 6
40 4 4 6
40 5 6 6
40 6 2 6
40 7 6 6
40 8 2 6
40 9 5 6
40 10 5 6
40 11 2 6
40 12 5 6
40 13 4 6
40 14 6 6
40 15 6 6
40 16 6 6
40 17 5 6
40 18 6 6
40 19 6 6
40 20 5 6
40 21 5 6
40 22 2 6
40 23 5 6
40 24 5 6
40 25 2 6
40 26 4 6
40 27 2 6
40 28 6 6
40 29 6 6
40 30 4 6
40 31 4 6
40 32 5 6
40 33 2 6
40 34 5 6
40 35 5 6
40 36 4 6
40 37 4 6
40 38 2 6
40 39 2 6
40 40 6 6
40 41 2 6
40 42 6 6
40 43 2 6
40 44 2 6
40 45 6 6
40 46 6 6
40 47 4 6
40 48 5 6
40 49 6 6
40 50 2 6
40 51 4 6
40 52 5 6
40 53 4 6
40 54 2 6
40 55 4 6
40 56 2 6
40 57 2 6
40 58 2 6
40 59 2 6
40 60 5 6
40 61 2 6
40 62 5 6
40 63 4 6
40 64 4 6
40 65 2 6
40 66 5 6
40 67 2 6
40 68 6 6
40 69 2 6
40 70 6 6
40 71 5 6
40 72 4 6
40 73 5 6
40 74 4 6
40 75 5 6
40 76 5 6
40 77 4 6
40 78 2 6
40 79 6 6
40 80 6 6
40 81 2 6
40 82 4 6
40 83 4 6
40 84 5 6
40 85 4 6
40 86 2 6
40 87 6 6
40 88 5 6
40 89 4 6
40 90 2 6
40 91 4 6
40 92 4 6
40 93 4 6
40 94 5 6
40 95 2 6
40 96 5 6
40 97 6 6
40 98 6 6
40 99 5 6
40 100 4 6
41 1 6 6
41 2 5 6
41 3 4 6
41 4 5 6
41 5 4 6
41 6 5 6
41 7 2 6
41 8 4 6
41 9 5 6
41 10 4 6
41 11 4 6
41 12 6 6
41 13 5 6
41 14 2 6
41 15 5 6
41 16 2 6
41 17 5 6
41 18 2 6
41 19 2 6
41 20 5 6
41 21 4 6
41 22 6 6
41 23 5 6
41 24 2 6
41 25 4 6
41 26 5 6
41 27 5 6
41 28 2 6
41 29 4 6
41 30 4 6
41 31 6 6
41 32 4 6
41 33 5 6
41 34 5 6
41 35 2 6
41 36 5 6
41 37 5 6
41 38 2 6
41 39 2 6
41 40 4 6
41 41 4 6
41 42 2 6
41 43 4 6
41 44 6 6
41 45 2 6
41 46 4 6
41 47 4 6
41 48 4 6
41 49 5 6
41 50 5 6
41 51 5 6
41 52 2 6
41 53 4 6
41 54 6 6
41 55 5 6
41 56 2 6
41 57 6 6
41 58 5 6
41 59 2 6
41 60 4 6
41 61 4 6
41 62 6 6
41 63 2 6
41 64 5 6
41 65 2 6
41 66 4 6
41 67 6 6
41 68 6 6
41 69 2 6
41 70 6 6
41 71 5 6
41 72 5 6
41 73 2 6
41 74 4 6
41 75 2 6
41 76 5 6
41 77 6 6
41 78 5 6
41 79 6 6
41 80 5 6
41 81 5 6
41 82 4 6
41 83 5 6
41 84 6 6
41 85 4 6
41 86 6 6
41 87 2 6
41 88 4 6
41 89 5 6
41 90 5 6
41 91 6 6
41 92 2 6
41 93 2 6
41 94 5 6
41 95 4 6
41 96 2 6
41 97 2 6
41 98 6 6
41 99 4 6
41 100 6 6
42 1 4 6
42 2 6 6
42 3 5 6
42 4 5 6
42 5 6 6
42 6 4 6
42 7 2 6
42 8 4 6
42 9 2 6
42 10 6 6
42 11 4 6
42 12 6 6
42 13 4 6
42 14 2 6
42 15 6 6
42 16 4 6
42 17 5 6
42 18 6 6
42 19 2 6
42 20 5 6
42 21 4 6
42 22 5 6
42 23 5 6
42 24 6 6
42 25 5 6
42 26 2 6
42 27 4 6
42 28 6 6
42 29 2 6
42 30 2 6
42 31 6 6
42 32 6 6
42 33 2 6
42 34 5 6
42 35 2 6
42 36 2 6
42 37 5 6
42 38 6 6
42 39 5 6
42 40 2 6
42 41 2 6
42 42 5 6
42 43 5 6
42 44 4 6
42 45 2 6
42 46 4 6
42 47 6 6
42 48 6 6
42 49 4 6
42 50 5 6
42 51 5 6
42 52 2 6
42 53 2 6
42 54 6 6
42 55 5 6
42 56 6 6
42 57 2 6
42 58 4 6
42 59 6 6
42 60 4 6
42 61 6 6
42 62 2 6
42 63 2 6
42 64 6 6
42 65 4 6
42 66 5 6
42 67 4 6
42 68 4 6
42 69 2 6
42 70 6 6
42 71 6 6
42 72 4 6
42 73 5 6
42 74 4 6
42 75 2 6
42 76 5 6
42 77 6 6
42 78 5 6
42 79 2 6
42 80 2 6
42 81 4 6
42 82 6 6
42 83 5 6
42 84 4 6
42 85 4 6
42 86 5 6
42 87 4 6
42 88 5 6
42 89 5 6
42 90 5 6
42 91 5 6
42 92 2 6
42 93 6 6
42 94 2 6
42 95 4 6
42 96 2 6
42 97 2 6
42 98 4 6
42 99 4 6
42 100 6 6
43 1 2 6
43 2 4 6
43 3 5 6
43 4 5 6
43 5 6 6
43 6 4 6
43 7 6 6
43 8 5 6
43 9 5 6
43 10 6 6
43 11 2 6
43 12 6 6
43 13 6 6
43 14 6 6
43 15 5 6
43 16 4 6
43 17 2 6
43 18 2 6
43 19 4 6
43 20 4 6
43 21 4 6
43 22 2 6
43 23 5 6
43 24 6 6
43 25 6 6
43 26 2 6
43 27 6 6
43 28 4 6
43 29 6 6
43 30 2 6
43 31 4 6
43 32 2 6
43 33 2 6
43 34 5 6
43 35 2 6
43 36 2 6
43 37 4 6
43 38 6 6
43 39 6 6
43 40 2 6
43 41 2 6
43 42 4 6
43 43 6 6
43 44 2 6
43 45 5 6
43 46 5 6
43 47 6 6
43 48 2 6
43 49 2 6
43 50 6 6
43 51 6 6
43 52 5 6
43 53 5 6
43 54 5 6
43 55 4 6
43 56 4 6
43 57 6 6
43 58 6 6
43 59 5 6
43 60 6 6
43 61 6 6
43 62 5 6
43 63 2 6
43 64 2 6
43 65 2 6
43 66 2 6
43 67 4 6
43 68 5 6
43 69 5 6
43 70 2 6
43 71 2 6
43 72 5 6
43 73 5 6
43 74 6 6
43 75 4 6
43 76 6 6
43 77 5 6
43 78 4 6
43 79 5 6
43 80 5 6
43 81 4 6
43 82 6 6
43 83 4 6
43 84 4 6
43 85 4 6
43 86 4 6
43 87 2 6
43 88 4 6
43 89 5 6
43 90 5 6
43 91 6 6
43 92 2 6
43 93 2 6
43 94 2 6
43 95 2 6
43 96 5 6
43 97 6 6
43 98 5 6
43 99 6 6
43 100 6 6
44 1 5 6
44 2 5 6
44 3 6 6
44 4 6 6
44 5 6 6
44 6 4 6
44 7 4 6
44 8 5 6
44 9 6 6
44 10 5 6
44 11 2 6
44 12 2 6
44 13 5 6
44 14 5 6
44 15 6 6
44 16 4 6
44 17 2 6
44 18 6 6
44 19 5 6
44 20 5 6
44 21 2 6
44 22 5 6
44 23 6 6
44 24 6 6
44 25 5 6
44 26 5 6
44 27 4 6
44 28 2 6
44 29 4 6
44 30 6 6
44 31 4 6
44 32 2 6
44 33 4 6
44 34 2 6
44 35 6 6
44 36 2 6
44 37 6 6
44 38 2 6
44 39 2 6
44 40 2 6
44 41 4 6
44 42 6 6
44 43 2 6
44 44 4 6
44 45 6 6
44 46 6 6
44 47 4 6
44 48 5 6
44 49 4 6
44 50 5 6
44 51 5 6
44 52 4 6
44 53 5 6
44 54 6 6
44 55 4 6
44 56 2 6
44 57 2 6
44 58 2 6
44 59 4 6
44 60 5 6
44 61 5 6
44 62 4 6
44 63 4 6
44 64 6 6
44 65 2 6
44 66 5 6
44 67 2 6
44 68 5 6
44 69 6 6
44 70 2 6
44 71 5 6
44 72 6 6
44 73 5 6
44 74 5 6
44 75 2 6
44 76 4 6
44 77 6 6
44 78 2 6
44 79 2 6
44 80 5 6
44 81 6 6
44 82 2 6
44 83 5 6
44 84 6 6
44 85 4 6
44 86 6 6
44 87 4 6
44 88 5 6
44 89 5 6
44 90 6 6
44 91 4 6
44 92 5 6
44 93 5 6
44 94 6 6
44 95 6 6
44 96 5 6
44 97 5 6
44 98 4 6
44 99 2 6
44 100 6 6
45 1 5 6
45 2 5 6
45 3 6 6
45 4 4 6
45 5 2 6
45 6 4 6
45 7 2 6
45 8 5 6
45 9 5 6
45 10 2 6
45 11 4 6
45 12 6 6
45 13 5 6
45 14 4 6
45 15 5 6
45 16 4 6
45 17 6 6
45 18 4 6
45 19 2 6
45 20 5 6
45 21 6 6
45 22 5 6
45 23 2 6
45 24 2 6
45 25 6 6
45 26 2 6
45 27 6 6
45 28 6 6
45 29 2 6
45 30 2 6
45 31 6 6
45 32 2 6
45 33 5 6
45 34 2 6
45 35 6 6
45 36 6 6
45 37 5 6
45 38 2 6
45 39 4 6
45 40 4 6
45 41 4 6
45 42 2 6
45 43 6 6
45 44 2 6
45 45 6 6
45 46 4 6
45 47 6 6
45 48 5 6
45 49 6 6
45 50 2 6
45 51 4 6
45 52 4 6
45 53 5 6
45 54 6 6
45 55 5 6
45 56 4 6
45 57 5 6
45 58 2 6
45 59 5 6
45 60 4 6
45 61 5 6
45 62 4 6
45 63 4 6
45 64 4 6
45 65 5 6
45 66 4 6
45 67 2 6
45 68 6 6
45 69 5 6
45 70 6 6
45 71 2 6
45 72 2 6
45 73 6 6
45 74 2 6
45 75 5 6
45 76 5 6
45 77 6 6
45 78 5 6
45 79 5 6
45 80 5 6
45 81 2 6
45 82 5 6
45 83 5 6
45 84 6 6
45 85 6 6
45 86 6 6
45 87 2 6
45 88 5 6
45 89 5 6
45 90 2 6
45 91 2 6
45 92 5 6
45 93 4 6
45 94 2 6
45 95 4 6
45 96 6 6
45 97 6 6
45 98 5 6
45 99 2 6
45 100 4 6
46 1 6 6
46 2 4 6
46 3 4 6
46 4 4 6
46 5 4 6
46 6 2 6
46 7 6 6
46 8 5 6
46 9 4 6
46 10 6 6
46 11 2 6
46 12 5 6
46 13 5 6
46 14 4 6
46 15 4 6
46 16 6 6
46 17 2 6
46 18 5 6
46 19 6 6
46 20 5 6
46 21 6 6
46 22 6 6
46 23 5 6
46 24 6 6
46 25 6 6
46 26 5 6
46 27 4 6
46 28 2 6
46 29 4 6
46 30 2 6
46 31 4 6
46 32 5 6
46 33 2 6
46 34 2 6
46 35 2 6
46 36 5 6
46 37 2 6
46 38 5 6
46 39 6 6
46 40 2 6
46 41 4 6
46 42 2 6
46 43 6 6
46 44 2 6
46 45 6 6
46 46 6 6
46 47 4 6
46 48 4 6
46 49 2 6
46 50 4 6
46 51 2 6
46 52 4 6
46 53 6 6
46 54 2 6
46 55 2 6
46 56 5 6
46 57 6 6
46 58 4 6
46 59 2 6
46 60 5 6
46 61 4 6
46 62 4 6
46 63 4 6
46 64 2 6
46 65 6 6
46 66 5 6
46 67 5 6
46 68 5 6
46 69 5 6
46 70 2 6
46 71 2 6
46 72 5 6
46 73 4 6
46 74 4 6
46 75 4 6
46 76 5 6
46 77 5 6
46 78 5 6
46 79 4 6
46 80 4 6
46 81 4 6
46 82 6 6
46 83 2 6
46 84 4 6
46 85 5 6
46 86 4 6
46 87 5 6
46 88 6 6
46 89 4 6
46 90 6 6
46 91 2 6
46 92 5 6
46 93 4 6
46 94 6 6
46 95 4 6
46 96 2 6
46 97 4 6
46 98 6 6
46 99 4 6
46 100 6 6
47 1 6 6
47 2 6 6
47 3 2 6
47 4 6 6
47 5 2 6
47 6 6 6
47 7 6 6
47 8 2 6
47 9 5 6
47 10 2 6
47 11 5 6
47 12 6 6
47 13 4 6
47 14 4 6
47 15 5 6
47 16 2 6
47 17 2 6
47 18 2 6
47 19 2 6
47 20 2 6
47 21 2 6
47 22 6 6
47 23 4 6
47 24 2 6
47 25 5 6
47 26 2 6
47 27 6 6
47 28 5 6
47 29 4 6
47 30 6 6
47 31 6 6
47 32 4 6
47 33 2 6
47 34 5 6
47 35 4 6
47 36 4 6
47 37 2 6
47 38 5 6
47 39 4 6
47 40 4 6
47 41 4 6
47 42 5 6
47 43 4 6
47 44 2 6
47 45 4 6
47 46 2 6
47 47 4 6
47 48 5 6
47 49 5 6
47 50 2 6
47 51 6 6
47 52 5 6
47 53 5 6
47 54 4 6
47 55 4 6
47 56 2 6
47 57 4 6
47 58 2 6
47 59 4 6
47 60 2 6
47 61 2 6
47 62 5 6
47 63 4 6
47 64 4 6
47 65 4 6
47 66 6 6
47 67 4 6
47 68 2 6
47 69 4 6
47 70 2 6
47 71 5 6
47 72 2 6
47 73 5 6
47 74 5 6
47 75 6 6
47 76 6 6
47 77 4 6
47 78 2 6
47 79 5 6
47 80 6 6
47 81 5 6
47 82 5 6
47 83 2 6
47 84 2 6
47 85 5 6
47 86 4 6
47 87 2 6
47 88 4 6
47 89 5 6
47 90 2 6
47 91 5 6
47 92 6 6
47 93 5 6
47 94 5 6
47 95 6 6
47 96 2 6
47 97 5 6
47 98 4 6
47 99 6 6
47 100 4 6
48 1 5 6
48 2 5 6
48 3 5 6
48 4 2 6
48 5 5 6
48 6 2 6
48 7 4 6
48 8 5 6
48 9 4 6
48 10 5 6
48 11 4 6
48 12 5 6
48 13 6 6
48 14 4 6
48 15 4 6
48 16 2 6
48 17 6 6
48 18 6 6
48 19 2 6
48 20 5 6
48 21 4 6
48 22 5 6
48 23 2 6
48 24 4 6
48 25 4 6
48 26 6 6
48 27 4 6
48 28 4 6
48 29 4 6
48 30 6 6
48 31 6 6
48 32 6 6
48 33 4 6
48 34 4 6
48 35 2 6
48 36 2 6
48 37 6 6
48 38 2 6
48 39 6 6
48 40 6 6
48 41 4 6
48 42 2 6
48 43 6 6
48 44 6 6
48 45 2 6
48 46 2 6
48 47 6 6
48 48 4 6
48 49 5 6
48 50 5 6
48 51 2 6
48 52 4 6
48 53 5 6
48 54 5 6
48 55 5 6
48 56 4 6
48 57 6 6
48 58 4 6
48 59 5 6
48 60 6 6
48 61 2 6
48 62 5 6
48 63 6 6
48 64 6 6
48 65 6 6
48 66 5 6
48 67 2 6
48 68 2 6
48 69 6 6
48 70 2 6
48 71 6 6
48 72 6 6
48 73 5 6
48 74 4 6
48 75 2 6
48 76 5 6
48 77 2 6
48 78 5 6
48 79 4 6
48 80 5 6
48 81 4 6
48 82 4 6
48 83 5 6
48 84 6 6
48 85 4 6
48 86 4 6
48 87 4 6
48 88 2 6
48 89 2 6
48 90 4 6
48 91 2 6
48 92 4 6
48 93 5 6
48 94 5 6
48 95 4 6
48 96 2 6
48 97 4 6
48 98 5 6
48 99 5 6
48 100 5 6
49 1 5 6
49 2 6 6
49 3 2 6
49 4 2 6
49 5 6 6
49 6 5 6
49 7 4 6
49 8 5 6
49 9 6 6
49 10 5 6
49 11 2 6
49 12 6 6
49 13 4 6
49 14 4 6
49 15 4 6
49 16 2 6
49 17 5 6
49 18 2 6
49 19 4 6
49 20 2 6
49 21 5 6
49 22 5 6
49 23 2 6
49 24 5 6
49 25 4 6
49 26 5 6
49 27 2 6
49 28 6 6
49 29 4 6
49 30 2 6
49 31 5 6
49 32 5 6
49 33 4 6
49 34 4 6
49 35 5 6
49 36 4 6
49 37 2 6
49 38 6 6
49 39 5 6
49 40 4 6
49 41 6 6
49 42 6 6
49 43 6 6
49 44 2 6
49 45 2 6
49 46 5 6
49 47 2 6
49 48 2 6
49 49 6 6
49 50 5 6
49 51 4 6
49 52 6 6
49 53 4 6
49 54 5 6
49 55 2 6
49 56 6 6
49 57 5 6
49 58 4 6
49 59 2 6
49 60 2 6
49 61 2 6
49 62 2 6
49 63 2 6
49 64 5 6
49 65 5 6
49 66 4 6
49 67 4 6
49 68 2 6
49 69 4 6
49 70 6 6
49 71 6 6
49 72 5 6
49 73 6 6
49 74 6 6
49 75 2 6
49 76 2 6
49 77 2 6
49 78 6 6
49 79 4 6
49 80 2 6
49 81 5 6
49 82 6 6
49 83 4 6
49 84 2 6
49 85 6 6
49 86 4 6
49 87 5 6
49 88 5 6
49 89 6 6
49 90 2 6
49 91 4 6
49 92 2 6
49 93 6 6
49 94 4 6
49 95 4 6
49 96 2 6
49 97 2 6
49 98 6 6
49 99 5 6
49 100 4 6
50 1 4 6
50 2 5 6
50 3 2 6
50 4 5 6
50 5 5 6
50 6 6 6
50 7 2 6
50 8 5 6
50 9 2 6
50 10 4 6
50 11 2 6
50 12 4 6
50 13 5 6
50 14 5 6
50 15 2 6
50 16 4 6
50 17 2 6
50 18 4 6
50 19 4 6
50 20 5 6
50 21 2 6
50 22 5 6
50 23 4 6
50 24 5 6
50 25 4 6
50 26 4 6
50 27 6 6
50 28 4 6
50 29 6 6
50 30 6 6
50 31 5 6
50 32 2 6
50 33 4 6
50 34 6 6
50 35 2 6
50 36 2 6
50 37 6 6
50 38 4 6
50 39 6 6
50 40 4 6
50 41 2 6
50 42 5 6
50 43 2 6
50 44 2 6
50 45 6 6
50 46 5 6
50 47 4 6
50 48 2 6
50 49 4 6
50 50 6 6
50 51 4 6
50 52 6 6
50 53 5 6
50 54 4 6
50 55 6 6
50 56 5 6
50 57 5 6
50 58 5 6
50 59 6 6
50 60 4 6
50 61 6 6
50 62 5 6
50 63 6 6
50 64 4 6
50 65 2 6
50 66 5 6
50 67 5 6
50 68 6 6
50 69 2 6
50 70 5 6
50 71 6 6
50 72 2 6
50 73 2 6
50 74 2 6
50 75 5 6
50 76 2 6
50 77 6 6
50 78 6 6
50 79 6 6
50 80 6 6
50 81 5 6
50 82 2 6
50 83 6 6
50 84 2 6
50 85 5 6
50 86 2 6
50 87 6 6
50 88 4 6
50 89 6 6
50 90 2 6
50 91 6 6
50 92 6 6
50 93 4 6
50 94 6 6
50 95 2 6
50 96 6 6
50 97 2 6
50 98 5 6
50 99 4 6
50 100 2 6
51 1 5 6
51 2 2 6
51 3 5 6
51 4 2 6
51 5 5 6
51 6 2 6
51 7 4 6
51 8 2 6
51 9 5 6
51 10 4 6
51 11 4 6
51 12 2 6
51 13 2 6
51 14 4 6
51 15 5 6
51 16 6 6
51 17 2 6
51 18 6 6
51 19 6 6
51 20 4 6
51 21 4 6
51 22 2 6
51 23 5 6
51 24 6 6
51 25 2 6
51 26 2 6
51 27 4 6
51 28 2 6
51 29 6 6
51 30 6 6
51 31 2 6
51 32 4 6
51 33 4 6
51 34 2 6
51 35 2 6
51 36 2 6
51 37 6 6
51 38 4 6
51 39 5 6
51 40 5 6
51 41 4 6
51 42 5 6
51 43 4 6
51 44 6 6
51 45 4 6
51 46 5 6
51 47 4 6
51 48 2 6
51 49 6 6
51 50 6 6
51 51 6 6
51 52 5 6
51 53 4 6
51 54 6 6
51 55 5 6
51 56 6 6
51 57 5 6
51 58 6 6
51 59 2 6
51 60 5 6
51 61 2 6
51 62 2 6
51 63 2 6
51 64 4 6
51 65 4 6
51 66 5 6
51 67 6 6
51 68 4 6
51 69 2 6
51 70 2 6
51 71 4 6
51 72 2 6
51 73 6 6
51 74 6 6
51 75 2 6
51 76 4 6
51 77 5 6
51 78 6 6
51 79 4 6
51 80 6 6
51 81 6 6
51 82 6 6
51 83 5 6
51 84 6 6
51 85 4 6
51 86 4 6
51 87 2 6
51 88 2 6
51 89 5 6
51 90 5 6
51 91 5 6
51 92 5 6
51 93 2 6
51 94 6 6
51 95 5 6
51 96 2 6
51 97 4 6
51 98 4 6
51 99 5 6
51 100 5 6
52 1 2 6
52 2 4 6
52 3 4 6
52 4 4 6
52 5 4 6
52 6 5 6
52 7 4 6
52 8 5 6
52 9 6 6
52 10 4 6
52 11 2 6
52 12 2 6
52 13 6 6
52 14 5 6
52 15 4 6
52 16 2 6
52 17 5 6
52 18 2 6
52 19 4 6
52 20 2 6
52 21 4 6
52 22 4 6
52 23 4 6
52 24 6 6
52 25 6 6
52 26 2 6
52 27 4 6
52 28 2 6
52 29 4 6
52 30 4 6
52 31 6 6
52 32 6 6
52 33 5 6
52 34 5 6
52 35 4 6
52 36 6 6
52 37 6 6
52 38 4 6
52 39 2 6
52 40 2 6
52 41 6 6
52 42 5 6
52 43 6 6
52 44 4 6
52 45 4 6
52 46 5 6
52 47 5 6
52 48 6 6
52 49 6 6
52 50 5 6
52 51 4 6
52 52 6 6
52 53 4 6
52 54 2 6
52 55 5 6
52 56 4 6
52 57 5 6
52 58 5 6
52 59 5 6
52 60 5 6
52 61 2 6
52 62 4 6
52 63 6 6
52 64 2 6
52 65 5 6
52 66 4 6
52 67 2 6
52 68 4 6
52 69 6 6
52 70 4 6
52 71 4 6
52 72 4 6
52 73 6 6
52 74 2 6
52 75 4 6
52 76 6 6
52 77 6 6
52 78 6 6
52 79 6 6
52 80 2 6
52 81 5 6
52 82 5 6
52 83 2 6
52 84 5 6
52 85 5 6
52 86 5 6
52 87 5 6
52 88 6 6
52 89 6 6
52 90 5 6
52 91 4 6
52 92 2 6
52 93 4 6
52 94 4 6
52 95 4 6
52 96 2 6
52 97 6 6
52 98 2 6
52 99 2 6
52 100 5 6
53 1 4 6
53 2 5 6
53 3 4 6
53 4 2 6
53 5 5 6
53 6 2 6
53 7 5 6
53 8 4 6
53 9 6 6
53 10 4 6
53 11 2 6
53 12 6 6
53 13 4 6
53 14 6 6
53 15 4 6
53 16 6 6
53 17 2 6
53 18 4 6
53 19 2 6
53 20 5 6
53 21 4 6
53 22 5 6
53 23 4 6
53 24 4 6
53 25 2 6
53 26 4 6
53 27 6 6
53 28 6 6
53 29 4 6
53 30 5 6
53 31 5 6
53 32 6 6
53 33 6 6
53 34 2 6
53 35 5 6
53 36 2 6
53 37 6 6
53 38 4 6
53 39 5 6
53 40 2 6
53 41 4 6
53 42 2 6
53 43 4 6
53 44 6 6
53 45 4 6
53 46 6 6
53 47 5 6
53 48 2 6
53 49 4 6
53 50 5 6
53 51 6 6
53 52 5 6
53 53 4 6
53 54 2 6
53 55 4 6
53 56 2 6
53 57 6 6
53 58 4 6
53 59 6 6
53 60 4 6
53 61 6 6
53 62 6 6
53 63 4 6
53 64 6 6
53 65 6 6
53 66 4 6
53 67 6 6
53 68 4 6
53 69 5 6
53 70 4 6
53 71 5 6
53 72 6 6
53 73 2 6
53 74 6 6
53 75 5 6
53 76 6 6
53 77 5 6
53 78 5 6
53 79 2 6
53 80 4 6
53 81 4 6
53 82 2 6
53 83 2 6
53 84 5 6
53 85 5 6
53 86 5 6
53 87 5 6
53 88 6 6
53 89 5 6
53 90 2 6
53 91 5 6
53 92 2 6
53 93 6 6
53 94 2 6
53 95 6 6
53 96 2 6
53 97 2 6
53 98 6 6
53 99 2 6
53 100 5 6
54 1 5 6
54 2 6 6
54 3 4 6
54 4 6 6
54 5 5 6
54 6 6 6
54 7 2 6
54 8 6 6
54 9 2 6
54 10 5 6
54 11 4 6
54 12 5 6
54 13 5 6
54 14 2 6
54 15 4 6
54 16 4 6
54 17 4 6
54 18 6 6
54 19 6 6
54 20 2 6
54 21 2 6
54 22 6 6
54 23 6 6
54 24 5 6
54 25 5 6
54 26 4 6
54 27 4 6
54 28 4 6
54 29 2 6
54 30 6 6
54 31 4 6
54 32 5 6
54 33 5 6
54 34 4 6
54 35 6 6
54 36 5 6
54 37 4 6
54 38 4 6
54 39 4 6
54 40 2 6
54 41 4 6
54 42 6 6
54 43 4 6
54 44 2 6
54 45 2 6
54 46 5 6
54 47 6 6
54 48 4 6
54 49 5 6
54 50 4 6
54 51 6 6
54 52 2 6
54 53 5 6
54 54 6 6
54 55 6 6
54 56 5 6
54 57 5 6
54 58 4 6
54 59 5 6
54 60 5 6
54 61 5 6
54 62 6 6
54 63 4 6
54 64 6 6
54 65 4 6
54 66 5 6
54 67 5 6
54 68 4 6
54 69 4 6
54 70 4 6
54 71 5 6
54 72 2 6
54 73 2 6
54 74 4 6
54 75 5 6
54 76 5 6
54 77 6 6
54 78 2 6
54 79 4 6
54 80 6 6
54 81 6 6
54 82 6 6
54 83 6 6
54 84 4 6
54 85 4 6
54 86 6 6
54 87 5 6
54 88 6 6
54 89 6 6
54 90 5 6
54 91 5 6
54 92 2 6
54 93 2 6
54 94 2 6
54 95 6 6
54 96 5 6
54 97 6 6
54 98 6 6
54 99 5 6
54 100 5 6
55 1 6 6
55 2 2 6
55 3 4 6
55 4 2 6
55 5 6 6
55 6 5 6
55 7 4 6
55 8 2 6
55 9 5 6
55 10 5 6
55 11 4 6
55 12 6 6
55 13 4 6
55 14 4 6
55 15 4 6
55 16 4 6
55 17 2 6
55 18 4 6
55 19 4 6
55 20 4 6
55 21 6 6
55 22 5 6
55 23 5 6
55 24 5 6
55 25 4 6
55 26 2 6
55 27 2 6
55 28 4 6
55 29 6 6
55 30 6 6
55 31 4 6
55 32 6 6
55 33 2 6
55 34 4 6
55 35 6 6
55 36 5 6
55 37 5 6
55 38 5 6
55 39 4 6
55 40 4 6
55 41 2 6
55 42 6 6
55 43 4 6
55 44 5 6
55 45 6 6
55 46 2 6
55 47 2 6
55 48 5 6
55 49 5 6
55 50 6 6
55 51 5 6
55 52 2 6
55 53 2 6
55 54 2 6
55 55 5 6
55 56 4 6
55 57 2 6
55 58 6 6
55 59 5 6
55 60 4 6
55 61 5 6
55 62 2 6
55 63 6 6
55 64 2 6
55 65 2 6
55 66 5 6
55 67 5 6
55 68 6 6
55 69 4 6
55 70 5 6
55 71 2 6
55 72 2 6
55 73 4 6
55 74 5 6
55 75 5 6
55 76 5 6
55 77 4 6
55 78 5 6
55 79 4 6
55 80 2 6
55 81 4 6
55 82 4 6
55 83 6 6
55 84 6 6
55 85 2 6
55 86 2 6
55 87 2 6
55 88 5 6
55 89 4 6
55 90 2 6
55 91 6 6
55 92 6 6
55 93 6 6
55 94 5 6
55 95 5 6
55 96 4 6
55 97 6 6
55 98 4 6
55 99 4 6
55 100 5 6
56 1 5 6
56 2 4 6
56 3 4 6
56 4 5 6
56 5 4 6
56 6 4 6
56 7 5 6
56 8 2 6
56 9 6 6
56 10 2 6
56 11 6 6
56 12 4 6
56 13 2 6
56 14 4 6
56 15 5 6
56 16 5 6
56 17 4 6
56 18 6 6
56 19 2 6
56 20 2 6
56 21 5 6
56 22 6 6
56 23 6 6
56 24 4 6
56 25 2 6
56 26 2 6
56 27 4 6
56 28 5 6
56 29 5 6
56 30 4 6
56 31 5 6
56 32 6 6
56 33 6 6
56 34 2 6
56 35 2 6
56 36 2 6
56 37 5 6
56 38 5 6
56 39 4 6
56 40 6 6
56 41 6 6
56 42 2 6
56 43 4 6
56 44 5 6
56 45 4 6
56 46 2 6
56 47 6 6
56 48 2 6
56 49 4 6
56 50 6 6
56 51 4 6
56 52 2 6
56 53 2 6
56 54 6 6
56 55 6 6
56 56 2 6
56 57 4 6
56 58 6 6
56 59 2 6
56 60 2 6
56 61 6 6
56 62 4 6
56 63 6 6
56 64 4 6
56 65 4 6
56 66 2 6
56 67 5 6
56 68 6 6
56 69 2 6
56 70 5 6
56 71 4 6
56 72 6 6
56 73 2 6
56 74 6 6
56 75 2 6
56 76 4 6
56 77 5 6
56 78 4 6
56 79 2 6
56 80 6 6
56 81 2 6
56 82 2 6
56 83 5 6
56 84 2 6
56 85 6 6
56 86 2 6
56 87 4 6
56 88 6 6
56 89 5 6
56 90 4 6
56 91 2 6
56 92 5 6
56 93 5 6
56 94 2 6
56 95 6 6
56 96 2 6
56 97 6 6
56 98 6 6
56 99 4 6
56 100 6 6
57 1 4 6
57 2 2 6
57 3 4 6
57 4 4 6
57 5 5 6
57 6 6 6
57 7 6 6
57 8 5 6
57 9 5 6
57 10 2 6
57 11 4 6
57 12 5 6
57 13 6 6
57 14 6 6
57 15 2 6
57 16 5 6
57 17 5 6
57 18 4 6
57 19 5 6
57 20 2 6
57 21 6 6
57 22 4 6
57 23 2 6
57 24 5 6
57 25 6 6
57 26 4 6
57 27 4 6
57 28 2 6
57 29 5 6
57 30 5 6
57 31 4 6
57 32 5 6
57 33 4 6
57 34 2 6
57 35 5 6
57 36 2 6
57 37 2 6
57 38 6 6
57 39 6 6
57 40 5 6
57 41 2 6
57 42 5 6
57 43 4 6
57 44 6 6
57 45 6 6
57 46 6 6
57 47 2 6
57 48 4 6
57 49 5 6
57 50 2 6
57 51 2 6
57 52 5 6
57 53 2 6
57 54 6 6
57 55 4 6
57 56 5 6
57 57 4 6
57 58 6 6
57 59 6 6
57 60 5 6
57 61 5 6
57 62 2 6
57 63 5 6
57 64 4 6
57 65 4 6
57 66 4 6
57 67 6 6
57 68 6 6
57 69 4 6
57 70 2 6
57 71 6 6
57 72 6 6
57 73 5 6
57 74 6 6
57 75 6 6
57 76 4 6
57 77 4 6
57 78 4 6
57 79 2 6
57 80 5 6
57 81 5 6
57 82 6 6
57 83 2 6
57 84 4 6
57 85 6 6
57 86 6 6
57 87 2 6
57 88 2 6
57 89 4 6
57 90 2 6
57 91 5 6
57 92 4 6
57 93 4 6
57 94 6 6
57 95 4 6
57 96 5 6
57 97 2 6
57 98 6 6
57 99 5 6
57 100 5 6
58 1 2 6
58 2 6 6
58 3 4 6
58 4 4 6
58 5 4 6
58 6 5 6
58 7 6 6
58 8 5 6
58 9 2 6
58 10 2 6
58 11 4 6
58 12 2 6
58 13 5 6
58 14 6 6
58 15 4 6
58 16 4 6
58 17 5 6
58 18 6 6
58 19 6 6
58 20 4 6
58 21 5 6
58 22 4 6
58 23 5 6
58 24 2 6
58 25 4 6
58 26 6 6
58 27 5 6
58 28 2 6
58 29 4 6
58 30 6 6
58 31 2 6
58 32 5 6
58 33 5 6
58 34 6 6
58 35 5 6
58 36 4 6
58 37 4 6
58 38 6 6
58 39 6 6
58 40 6 6
58 41 2 6
58 42 5 6
58 43 5 6
58 44 6 6
58 45 2 6
58 46 5 6
58 47 5 6
58 48 6 6
58 49 6 6
58 50 4 6
58 51 6 6
58 52 6 6
58 53 6 6
58 54 4 6
58 55 2 6
58 56 6 6
58 57 2 6
58 58 4 6
58 59 5 6
58 60 6 6
58 61 5 6
58 62 2 6
58 63 5 6
58 64 5 6
58 65 4 6
58 66 5 6
58 67 5 6
58 68 6 6
58 69 6 6
58 70 2 6
58 71 5 6
58 72 6 6
58 73 2 6
58 74 4 6
58 75 4 6
58 76 2 6
58 77 2 6
58 78 6 6
58 79 6 6
58 80 4 6
58 81 6 6
58 82 2 6
58 83 4 6
58 84 6 6
58 85 5 6
58 86 6 6
58 87 5 6
58 88 4 6
58 89 5 6
58 90 4 6
58 91 6 6
58 92 6 6
58 93 2 6
58 94 5 6
58 95 6 6
58 96 2 6
58 97 2 6
58 98 6 6
58 99 4 6
58 100 5 6
59 1 6 6
59 2 6 6
59 3 4 6
59 4 4 6
59 5 5 6
59 6 6 6
59 7 6 6
59 8 5 6
59 9 6 6
59 10 2 6
59 11 4 6
59 12 6 6
59 13 4 6
59 14 4 6
59 15 4 6
59 16 5 6
59 17 4 6
59 18 5 6
59 19 6 6
59 20 2 6
59 21 2 6
59 22 5 6
59 23 4 6
59 24 4 6
59 25 5 6
59 26 4 6
59 27 5 6
59 28 4 6
59 29 5 6
59 30 2 6
59 31 5 6
59 32 2 6
59 33 6 6
59 34 4 6
59 35 5 6
59 36 4 6
59 37 4 6
59 38 5 6
59 39 6 6
59 40 2 6
59 41 2 6
59 42 6 6
59 43 2 6
59 44 4 6
59 45 4 6
59 46 4 6
59 47 4 6
59 48 4 6
59 49 4 6
59 50 5 6
59 51 6 6
59 52 4 6
59 53 2 6
59 54 2 6
59 55 5 6
59 56 4 6
59 57 6 6
59 58 6 6
59 59 4 6
59 60 2 6
59 61 5 6
59 62 5 6
59 63 6 6
59 64 6 6
59 65 6 6
59 66 5 6
59 67 6 6
59 68 4 6
59 69 2 6
59 70 2 6
59 71 5 6
59 72 2 6
59 73 6 6
59 74 5 6
59 75 6 6
59 76 6 6
59 77 2 6
59 78 4 6
59 79 4 6
59 80 2 6
59 81 4 6
59 82 5 6
59 83 4 6
59 84 5 6
59 85 6 6
59 86 4 6
59 87 4 6
59 88 5 6
59 89 6 6
59 90 6 6
59 91 6 6
59 92 5 6
59 93 6 6
59 94 4 6
59 95 5 6
59 96 2 6
59 97 5 6
59 98 4 6
59 99 6 6
59 100 6 6
60 1 4 6
60 2 5 6
60 3 2 6
60 4 5 6
60 5 5 6
60 6 4 6
60 7 5 6
60 8 6 6
60 9 4 6
60 10 5 6
60 11 6 6
60 12 6 6
60 13 5 6
60 14 4 6
60 15 5 6
60 16 4 6
60 17 4 6
60 18 6 6
60 19 4 6
60 20 5 6
60 21 6 6
60 22 5 6
60 23 2 6
60 24 2 6
60 25 2 6
60 26 4 6
60 27 5 6
60 28 4 6
60 29 6 6
60 30 6 6
60 31 2 6
60 32 4 6
60 33 5 6
60 34 6 6
60 35 4 6
60 36 6 6
60 37 6 6
60 38 2 6
60 39 5 6
60 40 5 6
60 41 4 6
60 42 6 6
60 43 6 6
60 44 6 6
60 45 5 6
60 46 4 6
60 47 5 6
60 48 6 6
60 49 6 6
60 50 2 6
60 51 5 6
60 52 4 6
60 53 2 6
60 54 2 6
60 55 2 6
60 56 4 6
60 57 5 6
60 58 6 6
60 59 6 6
60 60 2 6
60 61 6 6
60 62 4 6
60 63 6 6
60 64 4 6
60 65 2 6
60 66 2 6
60 67 2 6
60 68 4 6
60 69 2 6
60 70 5 6
60 71 4 6
60 72 4 6
60 73 5 6
60 74 6 6
60 75 2 6
60 76 4 6
60 77 2 6
60 78 5 6
60 79 5 6
60 80 5 6
60 81 6 6
60 82 2 6
60 83 2 6
60 84 6 6
60 85 4 6
60 86 5 6
60 87 4 6
60 88 4 6
60 89 2 6
60 90 6 6
60 91 4 6
60 92 2 6
60 93 4 6
60 94 4 6
60 95 5 6
60 96 4 6
60 97 4 6
60 98 5 6
60 99 2 6
60 100 4 6
61 1 6 6
61 2 4 6
61 3 2 6
61 4 4 6
61 5 4 6
61 6 4 6
61 7 5 6
61 8 5 6
61 9 4 6
61 10 2 6
61 11 6 6
61 12 4 6
61 13 2 6
61 14 5 6
61 15 4 6
61 16 4 6
61 17 2 6
61 18 5 6
61 19 4 6
61 20 4 6
61 21 2 6
61 22 6 6
61 23 6 6
61 24 5 6
61 25 6 6
61 26 5 6
61 27 6 6
61 28 4 6
61 29 6 6
61 30 5 6
61 31 5 6
61 32 2 6
61 33 2 6
61 34 2 6
61 35 4 6
61 36 2 6
61 37 4 6
61 38 4 6
61 39 5 6
61 40 4 6
61 41 2 6
61 42 2 6
61 43 6 6
61 44 5 6
61 45 2 6
61 46 6 6
61 47 5 6
61 48 5 6
61 49 2 6
61 50 4 6
61 51 6 6
61 52 4 6
61 53 6 6
61 54 2 6
61 55 5 6
61 56 6 6
61 57 6 6
61 58 4 6
61 59 5 6
61 60 6 6
61 61 4 6
61 62 4 6
61 63 4 6
61 64 2 6
61 65 6 6
61 66 6 6
61 67 6 6
61 68 4 6
61 69 4 6
61 70 5 6
61 71 6 6
61 72 2 6
61 73 5 6
61 74 2 6
61 75 6 6
61 76 6 6
61 77 2 6
61 78 4 6
61 79 2 6
61 80 5 6
61 81 6 6
61 82 2 6
61 83 4 6
61 84 2 6
61 85 2 6
61 86 6 6
61 87 2 6
61 88 6 6
61 89 5 6
61 90 6 6
61 91 5 6
61 92 2 6
61 93 2 6
61 94 4 6
61 95 4 6
61 96 6 6
61 97 6 6
61 98 5 6
61 99 2 6
61 100 2 6
62 1 4 6
62 2 4 6
62 3 4 6
62 4 5 6
62 5 4 6
62 6 4 6
62 7 5 6
62 8 4 6
62 9 5 6
62 10 2 6
62 11 6 6
62 12 6 6
62 13 2 6
62 14 4 6
62 15 4 6
62 16 6 6
62 17 4 6
62 18 5 6
62 19 2 6
62 20 6 6
62 21 2 6
62 22 5 6
62 23 2 6
62 24 2 6
62 25 6 6
62 26 5 6
62 27 2 6
62 28 6 6
62 29 4 6
62 30 4 6
62 31 4 6
62 32 5 6
62 33 6 6
62 34 2 6
62 35 2 6
62 36 2 6
62 37 4 6
62 38 5 6
62 39 2 6
62 40 6 6
62 41 2 6
62 42 4 6
62 43 2 6
62 44 2 6
62 45 5 6
62 46 2 6
62 47 5 6
62 48 6 6
62 49 5 6
62 50 6 6
62 51 2 6
62 52 6 6
62 53 4 6
62 54 2 6
62 55 4 6
62 56 5 6
62 57 6 6
62 58 4 6
62 59 4 6
62 60 5 6
62 61 6 6
62 62 6 6
62 63 2 6
62 64 4 6
62 65 6 6
62 66 5 6
62 67 2 6
62 68 4 6
62 69 5 6
62 70 6 6
62 71 2 6
62 72 6 6
62 73 6 6
62 74 2 6
62 75 6 6
62 76 5 6
62 77 2 6
62 78 6 6
62 79 2 6
62 80 4 6
62 81 5 6
62 82 2 6
62 83 5 6
62 84 5 6
62 85 4 6
62 86 4 6
62 87 2 6
62 88 6 6
62 89 5 6
62 90 2 6
62 91 5 6
62 92 2 6
62 93 5 6
62 94 6 6
62 95 5 6
62 96 6 6
62 97 2 6
62 98 4 6
62 99 4 6
62 100 5 6
63 1 5 6
63 2 2 6
63 3 4 6
63 4 5 6
63 5 4 6
63 6 6 6
63 7 2 6
63 8 2 6
63 9 6 6
63 10 2 6
63 11 6 6
63 12 4 6
63 13 5 6
63 14 4 6
63 15 4 6
63 16 5 6
63 17 4 6
63 18 6 6
63 19 6 6
63 20 2 6
63 21 2 6
63 22 6 6
63 23 5 6
63 24 4 6
63 25 5 6
63 26 5 6
63 27 4 6
63 28 5 6
63 29 6 6
63 30 4 6
63 31 6 6
63 32 5 6
63 33 6 6
63 34 5 6
63 35 2 6
63 36 6 6
63 37 2 6
63 38 4 6
63 39 5 6
63 40 6 6
63 41 4 6
63 42 6 6
63 43 5 6
63 44 6 6
63 45 2 6
63 46 4 6
63 47 4 6
63 48 6 6
63 49 4 6
63 50 6 6
63 51 2 6
63 52 5 6
63 53 6 6
63 54 4 6
63 55 5 6
63 56 2 6
63 57 5 6
63 58 6 6
63 59 5 6
63 60 6 6
63 61 2 6
63 62 4 6
63 63 2 6
63 64 4 6
63 65 4 6
63 66 6 6
63 67 4 6
63 68 4 6
63 69 6 6
63 70 6 6
63 71 5 6
63 72 4 6
63 73 5 6
63 74 2 6
63 75 6 6
63 76 6 6
63 77 2 6
63 78 2 6
63 79 5 6
63 80 5 6
63 81 2 6
63 82 5 6
63 83 6 6
63 84 2 6
63 85 2 6
63 86 6 6
63 87 2 6
63 88 6 6
63 89 6 6
63 90 5 6
63 91 6 6
63 92 6 6
63 93 6 6
63 94 6 6
63 95 2 6
63 96 6 6
63 97 4 6
63 98 5 6
63 99 6 6
63 100 4 6
64 1 5 6
64 2 5 6
64 3 4 6
64 4 2 6
64 5 4 6
64 6 5 6
64 7 2 6
64 8 5 6
64 9 5 6
64 10 6 6
64 11 6 6
64 12 5 6
64 13 4 6
64 14 2 6
64 15 5 6
64 16 4 6
64 17 5 6
64 18 6 6
64 19 2 6
64 20 5 6
64 21 6 6
64 22 6 6
64 23 5 6
64 24 2 6
64 25 2 6
64 26 4 6
64 27 4 6
64 28 2 6
64 29 5 6
64 30 4 6
64 31 4 6
64 32 6 6
64 33 6 6
64 34 2 6
64 35 2 6
64 36 4 6
64 37 5 6
64 38 5 6
64 39 5 6
64 40 6 6
64 41 4 6
64 42 6 6
64 43 2 6
64 44 2 6
64 45 5 6
64 46 5 6
64 47 6 6
64 48 5 6
64 49 5 6
64 50 6 6
64 51 4 6
64 52 4 6
64 53 2 6
64 54 6 6
64 55 4 6
64 56 5 6
64 57 4 6
64 58 6 6
64 59 4 6
64 60 5 6
64 61 4 6
64 62 4 6
64 63 2 6
64 64 5 6
64 65 6 6
64 66 6 6
64 67 2 6
64 68 5 6
64 69 6 6
64 70 5 6
64 71 5 6
64 72 5 6
64 73 4 6
64 74 6 6
64 75 4 6
64 76 2 6
64 77 4 6
64 78 4 6
64 79 4 6
64 80 4 6
64 81 5 6
64 82 4 6
64 83 4 6
64 84 2 6
64 85 6 6
64 86 5 6
64 87 4 6
64 88 6 6
64 89 4 6
64 90 4 6
64 91 5 6
64 92 4 6
64 93 2 6
64 94 5 6
64 95 2 6
64 96 6 6
64 97 4 6
64 98 5 6
64 99 6 6
64 100 6 6
65 1 6 6
65 2 4 6
65 3 5 6
65 4 2 6
65 5 6 6
65 6 2 6
65 7 2 6
65 8 2 6
65 9 4 6
65 10 2 6
65 11 5 6
65 12 5 6
65 13 5 6
65 14 5 6
65 15 5 6
65 16 5 6
65 17 6 6
65 18 6 6
65 19 4 6
65 20 5 6
65 21 5 6
65 22 5 6
65 23 2 6
65 24 6 6
65 25 2 6
65 26 4 6
65 27 2 6
65 28 2 6
65 29 2 6
65 30 5 6
65 31 6 6
65 32 6 6
65 33 5 6
65 34 6 6
65 35 4 6
65 36 2 6
65 37 4 6
65 38 4 6
65 39 4 6
65 40 6 6
65 41 6 6
65 42 6 6
65 43 6 6
65 44 6 6
65 45 4 6
65 46 4 6
65 47 4 6
65 48 2 6
65 49 4 6
65 50 4 6
65 51 2 6
65 52 2 6
65 53 6 6
65 54 6 6
65 55 4 6
65 56 4 6
65 57 6 6
65 58 5 6
65 59 4 6
65 60 6 6
65 61 5 6
65 62 2 6
65 63 6 6
65 64 5 6
65 65 4 6
65 66 4 6
65 67 2 6
65 68 6 6
65 69 6 6
65 70 6 6
65 71 2 6
65 72 2 6
65 73 6 6
65 74 5 6
65 75 5 6
65 76 4 6
65 77 5 6
65 78 5 6
65 79 6 6
65 80 5 6
65 81 2 6
65 82 6 6
65 83 2 6
65 84 2 6
65 85 2 6
65 86 2 6
65 87 5 6
65 88 6 6
65 89 5 6
65 90 6 6
65 91 5 6
65 92 2 6
65 93 6 6
65 94 6 6
65 95 5 6
65 96 5 6
65 97 5 6
65 98 4 6
65 99 5 6
65 100 6 6
66 1 5 6
66 2 5 6
66 3 4 6
66 4 5 6
66 5 6 6
66 6 6 6
66 7 4 6
66 8 2 6
66 9 6 6
66 10 2 6
66 11 6 6
66 12 5 6
66 13 6 6
66 14 2 6
66 15 2 6
66 16 2 6
66 17 4 6
66 18 2 6
66 19 6 6
66 20 6 6
66 21 6 6
66 22 5 6
66 23 5 6
66 24 2 6
66 25 6 6
66 26 4 6
66 27 5 6
66 28 6 6
66 29 4 6
66 30 6 6
66 31 6 6
66 32 5 6
66 33 2 6
66 34 2 6
66 35 2 6
66 36 6 6
66 37 6 6
66 38 4 6
66 39 2 6
66 40 4 6
66 41 6 6
66 42 4 6
66 43 6 6
66 44 4 6
66 45 6 6
66 46 4 6
66 47 4 6
66 48 2 6
66 49 6 6
66 50 2 6
66 51 5 6
66 52 2 6
66 53 6 6
66 54 6 6
66 55 6 6
66 56 2 6
66 57 4 6
66 58 5 6
66 59 6 6
66 60 2 6
66 61 4 6
66 62 4 6
66 63 4 6
66 64 2 6
66 65 4 6
66 66 5 6
66 67 4 6
66 68 6 6
66 69 5 6
66 70 5 6
66 71 6 6
66 72 2 6
66 73 4 6
66 74 4 6
66 75 2 6
66 76 5 6
66 77 2 6
66 78 5 6
66 79 4 6
66 80 4 6
66 81 4 6
66 82 4 6
66 83 2 6
66 84 6 6
66 85 2 6
66 86 5 6
66 87 5 6
66 88 4 6
66 89 6 6
66 90 2 6
66 91 4 6
66 92 5 6
66 93 2 6
66 94 5 6
66 95 2 6
66 96 6 6
66 97 4 6
66 98 5 6
66 99 2 6
66 100 4 6
67 1 5 6
67 2 5 6
67 3 4 6
67 4 6 6
67 5 5 6
67 6 2 6
67 7 6 6
67 8 2 6
67 9 2 6
67 10 2 6
67 11 6 6
67 12 6 6
67 13 2 6
67 14 5 6
67 15 5 6
67 16 2 6
67 17 4 6
67 18 6 6
67 19 4 6
67 20 6 6
67 21 4 6
67 22 5 6
67 23 2 6
67 24 2 6
67 25 4 6
67 26 2 6
67 27 4 6
67 28 6 6
67 29 6 6
67 30 6 6
67 31 4 6
67 32 4 6
67 33 5 6
67 34 4 6
67 35 5 6
67 36 4 6
67 37 4 6
67 38 6 6
67 39 2 6
67 40 2 6
67 41 5 6
67 42 6 6
67 43 4 6
67 44 6 6
67 45 4 6
67 46 4 6
67 47 6 6
67 48 2 6
67 49 4 6
67 50 4 6
67 51 5 6
67 52 2 6
67 53 6 6
67 54 6 6
67 55 2 6
67 56 2 6
67 57 6 6
67 58 5 6
67 59 5 6
67 60 5 6
67 61 6 6
67 62 6 6
67 63 5 6
67 64 4 6
67 65 5 6
67 66 5 6
67 67 2 6
67 68 2 6
67 69 6 6
67 70 2 6
67 71 2 6
67 72 6 6
67 73 4 6
67 74 2 6
67 75 5 6
67 76 4 6
67 77 6 6
67 78 5 6
67 79 2 6
67 80 2 6
67 81 6 6
67 82 6 6
67 83 2 6
67 84 6 6
67 85 5 6
67 86 4 6
67 87 5 6
67 88 2 6
67 89 5 6
67 90 5 6
67 91 5 6
67 92 6 6
67 93 2 6
67 94 6 6
67 95 6 6
67 96 2 6
67 97 6 6
67 98 2 6
67 99 5 6
67 100 6 6
68 1 5 6
68 2 6 6
68 3 2 6
68 4 4 6
68 5 5 6
68 6 6 6
68 7 6 6
68 8 6 6
68 9 5 6
68 10 4 6
68 11 2 6
68 12 5 6
68 13 4 6
68 14 2 6
68 15 4 6
68 16 4 6
68 17 6 6
68 18 2 6
68 19 5 6
68 20 6 6
68 21 5 6
68 22 6 6
68 23 2 6
68 24 6 6
68 25 6 6
68 26 5 6
68 27 2 6
68 28 4 6
68 29 2 6
68 30 4 6
68 31 6 6
68 32 5 6
68 33 4 6
68 34 6 6
68 35 2 6
68 36 4 6
68 37 2 6
68 38 4 6
68 39 4 6
68 40 6 6
68 41 5 6
68 42 6 6
68 43 2 6
68 44 6 6
68 45 6 6
68 46 5 6
68 47 5 6
68 48 5 6
68 49 5 6
68 50 2 6
68 51 6 6
68 52 6 6
68 53 4 6
68 54 4 6
68 55 5 6
68 56 5 6
68 57 4 6
68 58 6 6
68 59 6 6
68 60 6 6
68 61 2 6
68 62 4 6
68 63 4 6
68 64 6 6
68 65 4 6
68 66 6 6
68 67 6 6
68 68 6 6
68 69 5 6
68 70 5 6
68 71 5 6
68 72 6 6
68 73 5 6
68 74 4 6
68 75 6 6
68 76 6 6
68 77 5 6
68 78 5 6
68 79 6 6
68 80 4 6
68 81 5 6
68 82 2 6
68 83 5 6
68 84 6 6
68 85 4 6
68 86 6 6
68 87 4 6
68 88 4 6
68 89 6 6
68 90 5 6
68 91 5 6
68 92 5 6
68 93 6 6
68 94 2 6
68 95 6 6
68 96 2 6
68 97 4 6
68 98 2 6
68 99 6 6
68 100 4 6
69 1 5 6
69 2 4 6
69 3 4 6
69 4 4 6
69 5 4 6
69 6 5 6
69 7 6 6
69 8 2 6
69 9 6 6
69 10 5 6
69 11 5 6
69 12 4 6
69 13 5 6
69 14 6 6
69 15 5 6
69 16 4 6
69 17 5 6
69 18 2 6
69 19 2 6
69 20 5 6
69 21 5 6
69 22 6 6
69 23 6 6
69 24 6 6
69 25 5 6
69 26 2 6
69 27 5 6
69 28 2 6
69 29 6 6
69 30 5 6
69 31 4 6
69 32 5 6
69 33 5 6
69 34 6 6
69 35 2 6
69 36 4 6
69 37 2 6
69 38 5 6
69 39 2 6
69 40 6 6
69 41 5 6
69 42 6 6
69 43 6 6
69 44 5 6
69 45 4 6
69 46 5 6
69 47 5 6
69 48 4 6
69 49 5 6
69 50 6 6
69 51 6 6
69 52 2 6
69 53 5 6
69 54 6 6
69 55 5 6
69 56 6 6
69 57 5 6
69 58 5 6
69 59 2 6
69 60 2 6
69 61 2 6
69 62 2 6
69 63 2 6
69 64 6 6
69 65 5 6
69 66 4 6
69 67 4 6
69 68 2 6
69 69 6 6
69 70 6 6
69 71 5 6
69 72 6 6
69 73 6 6
69 74 6 6
69 75 4 6
69 76 2 6
69 77 5 6
69 78 2 6
69 79 5 6
69 80 6 6
69 81 5 6
69 82 4 6
69 83 5 6
69 84 2 6
69 85 6 6
69 86 4 6
69 87 4 6
69 88 4 6
69 89 5 6
69 90 2 6
69 91 2 6
69 92 6 6
69 93 5 6
69 94 4 6
69 95 5 6
69 96 4 6
69 97 6 6
69 98 6 6
69 99 5 6
69 100 4 6
70 1 6 6
70 2 6 6
70 3 5 6
70 4 6 6
70 5 6 6
70 6 6 6
70 7 6 6
70 8 4 6
70 9 6 6
70 10 4 6
70 11 6 6
70 12 6 6
70 13 4 6
70 14 2 6
70 15 2 6
70 16 5 6
70 17 5 6
70 18 5 6
70 19 2 6
70 20 2 6
70 21 6 6
70 22 6 6
70 23 5 6
70 24 2 6
70 25 5 6
70 26 5 6
70 27 5 6
70 28 5 6
70 29 6 6
70 30 2 6
70 31 4 6
70 32 5 6
70 33 4 6
70 34 6 6
70 35 4 6
70 36 2 6
70 37 6 6
70 38 4 6
70 39 5 6
70 40 5 6
70 41 4 6
70 42 2 6
70 43 2 6
70 44 5 6
70 45 5 6
70 46 2 6
70 47 4 6
70 48 4 6
70 49 2 6
70 50 4 6
70 51 5 6
70 52 5 6
70 53 6 6
70 54 6 6
70 55 5 6
70 56 5 6
70 57 4 6
70 58 5 6
70 59 6 6
70 60 5 6
70 61 2 6
70 62 2 6
70 63 2 6
70 64 5 6
70 65 2 6
70 66 4 6
70 67 2 6
70 68 6 6
70 69 5 6
70 70 2 6
70 71 6 6
70 72 4 6
70 73 4 6
70 74 5 6
70 75 5 6
70 76 5 6
70 77 6 6
70 78 2 6
70 79 5 6
70 80 4 6
70 81 2 6
70 82 6 6
70 83 5 6
70 84 4 6
70 85 4 6
70 86 5 6
70 87 5 6
70 88 4 6
70 89 6 6
70 90 4 6
70 91 6 6
70 92 5 6
70 93 5 6
70 94 4 6
70 95 2 6
70 96 5 6
70 97 6 6
70 98 2 6
70 99 5 6
70 100 4 6
71 1 6 6
71 2 6 6
71 3 4 6
71 4 5 6
71 5 5 6
71 6 4 6
71 7 4 6
71 8 6 6
71 9 6 6
71 10 6 6
71 11 2 6
71 12 4 6
71 13 2 6
71 14 6 6
71 15 2 6
71 16 4 6
71 17 5 6
71 18 2 6
71 19 5 6
71 20 4 6
71 21 6 6
71 22 2 6
71 23 6 6
71 24 6 6
71 25 5 6
71 26 5 6
71 27 5 6
71 28 6 6
71 29 4 6
71 30 6 6
71 31 2 6
71 32 2 6
71 33 5 6
71 34 6 6
71 35 2 6
71 36 4 6
71 37 5 6
71 38 6 6
71 39 5 6
71 40 2 6
71 41 5 6
71 42 6 6
71 43 6 6
71 44 6 6
71 45 6 6
71 46 6 6
71 47 6 6
71 48 4 6
71 49 4 6
71 50 2 6
71 51 6 6
71 52 6 6
71 53 2 6
71 54 5 6
71 55 2 6
71 56 4 6
71 57 2 6
71 58 4 6
71 59 6 6
71 60 5 6
71 61 4 6
71 62 4 6
71 63 2 6
71 64 6 6
71 65 2 6
71 66 2 6
71 67 2 6
71 68 5 6
71 69 5 6
71 70 2 6
71 71 5 6
71 72 2 6
71 73 4 6
71 74 5 6
71 75 5 6
71 76 6 6
71 77 5 6
71 78 6 6
71 79 2 6
71 80 5 6
71 81 2 6
71 82 5 6
71 83 6 6
71 84 5 6
71 85 2 6
71 86 6 6
71 87 4 6
71 88 4 6
71 89 2 6
71 90 4 6
71 91 4 6
71 92 5 6
71 93 4 6
71 94 2 6
71 95 2 6
71 96 2 6
71 97 6 6
71 98 2 6
71 99 4 6
71 100 4 6
72 1 6 6
72 2 4 6
72 3 5 6
72 4 6 6
72 5 6 6
72 6 5 6
72 7 2 6
72 8 5 6
72 9 6 6
72 10 4 6
72 11 2 6
72 12 6 6
72 13 2 6
72 14 5 6
72 15 5 6
72 16 5 6
72 17 2 6
72 18 2 6
72 19 6 6
72 20 2 6
72 21 4 6
72 22 2 6
72 23 6 6
72 24 2 6
72 25 5 6
72 26 6 6
72 27 2 6
72 28 6 6
72 29 2 6
72 30 6 6
72 31 2 6
72 32 4 6
72 33 5 6
72 34 4 6
72 35 2 6
72 36 5 6
72 37 4 6
72 38 5 6
72 39 2 6
72 40 4 6
72 41 2 6
72 42 2 6
72 43 4 6
72 44 5 6
72 45 6 6
72 46 5 6
72 47 5 6
72 48 5 6
72 49 4 6
72 50 6 6
72 51 6 6
72 52 5 6
72 53 2 6
72 54 4 6
72 55 5 6
72 56 4 6
72 57 5 6
72 58 6 6
72 59 6 6
72 60 5 6
72 61 4 6
72 62 6 6
72 63 6 6
72 64 2 6
72 65 2 6
72 66 2 6
72 67 4 6
72 68 2 6
72 69 6 6
72 70 5 6
72 71 4 6
72 72 4 6
72 73 5 6
72 74 2 6
72 75 4 6
72 76 2 6
72 77 4 6
72 78 6 6
72 79 5 6
72 80 5 6
72 81 2 6
72 82 2 6
72 83 5 6
72 84 5 6
72 85 2 6
72 86 2 6
72 87 5 6
72 88 5 6
72 89 4 6
72 90 2 6
72 91 6 6
72 92 4 6
72 93 2 6
72 94 2 6
72 95 4 6
72 96 6 6
72 97 4 6
72 98 2 6
72 99 5 6
72 100 6 6
73 1 5 6
73 2 2 6
73 3 5 6
73 4 2 6
73 5 6 6
73 6 4 6
73 7 6 6
73 8 4 6
73 9 2 6
73 10 2 6
73 11 4 6
73 12 4 6
73 13 2 6
73 14 4 6
73 15 4 6
73 16 2 6
73 17 6 6
73 18 5 6
73 19 6 6
73 20 4 6
73 21 4 6
73 22 5 6
73 23 4 6
73 24 5 6
73 25 2 6
73 26 4 6
73 27 5 6
73 28 6 6
73 29 4 6
73 30 6 6
73 31 4 6
73 32 5 6
73 33 6 6
73 34 6 6
73 35 6 6
73 36 2 6
73 37 6 6
73 38 4 6
73 39 6 6
73 40 2 6
73 41 6 6
73 42 4 6
73 43 5 6
73 44 2 6
73 45 5 6
73 46 5 6
73 47 5 6
73 48 5 6
73 49 5 6
73 50 4 6
73 51 5 6
73 52 2 6
73 53 4 6
73 54 5 6
73 55 2 6
73 56 5 6
73 57 2 6
73 58 4 6
73 59 2 6
73 60 5 6
73 61 6 6
73 62 2 6
73 63 2 6
73 64 2 6
73 65 4 6
73 66 2 6
73 67 5 6
73 68 2 6
73 69 6 6
73 70 4 6
73 71 4 6
73 72 2 6
73 73 5 6
73 74 5 6
73 75 6 6
73 76 6 6
73 77 5 6
73 78 6 6
73 79 4 6
73 80 2 6
73 81 2 6
73 82 6 6
73 83 2 6
73 84 5 6
73 85 6 6
73 86 2 6
73 87 5 6
73 88 6 6
73 89 5 6
73 90 6 6
73 91 6 6
73 92 5 6
73 93 6 6
73 94 5 6
73 95 2 6
73 96 5 6
73 97 5 6
73 98 6 6
73 99 5 6
73 100 4 6
74 1 2 6
74 2 4 6
74 3 4 6
74 4 4 6
74 5 2 6
74 6 5 6
74 7 5 6
74 8 4 6
74 9 5 6
74 10 6 6
74 11 5 6
74 12 6 6
74 13 2 6
74 14 6 6
74 15 6 6
74 16 5 6
74 17 5 6
74 18 6 6
74 19 2 6
74 20 4 6
74 21 6 6
74 22 2 6
74 23 6 6
74 24 4 6
74 25 2 6
74 26 5 6
74 27 6 6
74 28 2 6
74 29 5 6
74 30 6 6
74 31 2 6
74 32 2 6
74 33 4 6
74 34 6 6
74 35 4 6
74 36 2 6
74 37 2 6
74 38 2 6
74 39 2 6
74 40 2 6
74 41 4 6
74 42 4 6
74 43 5 6
74 44 2 6
74 45 5 6
74 46 6 6
74 47 6 6
74 48 2 6
74 49 6 6
74 50 2 6
74 51 5 6
74 52 6 6
74 53 6 6
74 54 2 6
74 55 2 6
74 56 4 6
74 57 6 6
74 58 6 6
74 59 6 6
74 60 6 6
74 61 4 6
74 62 6 6
74 63 2 6
74 64 4 6
74 65 4 6
74 66 2 6
74 67 5 6
74 68 2 6
74 69 5 6
74 70 4 6
74 71 4 6
74 72 2 6
74 73 6 6
74 74 6 6
74 75 2 6
74 76 6 6
74 77 6 6
74 78 5 6
74 79 6 6
74 80 4 6
74 81 2 6
74 82 4 6
74 83 5 6
74 84 5 6
74 85 6 6
74 86 4 6
74 87 5 6
74 88 2 6
74 89 5 6
74 90 4 6
74 91 2 6
74 92 6 6
74 93 2 6
74 94 4 6
74 95 2 6
74 96 2 6
74 97 4 6
74 98 5 6
74 99 6 6
74 100 5 6
75 1 5 6
75 2 6 6
75 3 6 6
75 4 5 6
75 5 5 6
75 6 5 6
75 7 5 6
75 8 4 6
75 9 4 6
75 10 6 6
75 11 2 6
75 12 5 6
75 13 4 6
75 14 6 6
75 15 2 6
75 16 4 6
75 17 6 6
75 18 2 6
75 19 2 6
75 20 6 6
75 21 4 6
75 22 5 6
75 23 4 6
75 24 4 6
75 25 4 6
75 26 6 6
75 27 2 6
75 28 2 6
75 29 6 6
75 30 4 6
75 31 6 6
75 32 5 6
75 33 6 6
75 34 2 6
75 35 6 6
75 36 6 6
75 37 4 6
75 38 6 6
75 39 4 6
75 40 4 6
75 41 4 6
75 42 4 6
75 43 4 6
75 44 4 6
75 45 6 6
75 46 2 6
75 47 4 6
75 48 6 6
75 49 5 6
75 50 6 6
75 51 2 6
75 52 6 6
75 53 6 6
75 54 6 6
75 55 2 6
75 56 6 6
75 57 2 6
75 58 6 6
75 59 6 6
75 60 6 6
75 61 5 6
75 62 2 6
75 63 2 6
75 64 5 6
75 65 5 6
75 66 4 6
75 67 6 6
75 68 2 6
75 69 6 6
75 70 5 6
75 71 6 6
75 72 2 6
75 73 5 6
75 74 2 6
75 75 2 6
75 76 2 6
75 77 6 6
75 78 6 6
75 79 5 6
75 80 4 6
75 81 2 6
75 82 2 6
75 83 6 6
75 84 2 6
75 85 6 6
75 86 5 6
75 87 5 6
75 88 4 6
75 89 2 6
75 90 4 6
75 91 6 6
75 92 2 6
75 93 2 6
75 94 6 6
75 95 5 6
75 96 5 6
75 97 5 6
75 98 4 6
75 99 4 6
75 100 2 6
76 1 4 6
76 2 4 6
76 3 4 6
76 4 6 6
76 5 4 6
76 6 2 6
76 7 2 6
76 8 2 6
76 9 4 6
76 10 5 6
76 11 2 6
76 12 4 6
76 13 2 6
76 14 2 6
76 15 2 6
76 16 2 6
76 17 2 6
76 18 2 6
76 19 4 6
76 20 5 6
76 21 6 6
76 22 4 6
76 23 2 6
76 24 2 6
76 25 2 6
76 26 6 6
76 27 6 6
76 28 4 6
76 29 4 6
76 30 2 6
76 31 6 6
76 32 5 6
76 33 6 6
76 34 4 6
76 35 5 6
76 36 5 6
76 37 6 6
76 38 4 6
76 39 6 6
76 40 2 6
76 41 4 6
76 42 5 6
76 43 6 6
76 44 6 6
76 45 5 6
76 46 2 6
76 47 4 6
76 48 5 6
76 49 2 6
76 50 4 6
76 51 2 6
76 52 4 6
76 53 5 6
76 54 6 6
76 55 4 6
76 56 2 6
76 57 5 6
76 58 4 6
76 59 2 6
76 60 4 6
76 61 4 6
76 62 5 6
76 63 4 6
76 64 5 6
76 65 2 6
76 66 6 6
76 67 6 6
76 68 2 6
76 69 5 6
76 70 5 6
76 71 6 6
76 72 4 6
76 73 2 6
76 74 2 6
76 75 5 6
76 76 5 6
76 77 2 6
76 78 2 6
76 79 4 6
76 80 5 6
76 81 6 6
76 82 2 6
76 83 4 6
76 84 5 6
76 85 2 6
76 86 4 6
76 87 2 6
76 88 2 6
76 89 5 6
76 90 5 6
76 91 6 6
76 92 2 6
76 93 6 6
76 94 5 6
76 95 2 6
76 96 5 6
76 97 6 6
76 98 5 6
76 99 4 6
76 100 6 6
77 1 6 6
77 2 4 6
77 3 6 6
77 4 4 6
77 5 2 6
77 6 6 6
77 7 4 6
77 8 6 6
77 9 4 6
77 10 5 6
77 11 2 6
77 12 5 6
77 13 2 6
77 14 2 6
77 15 5 6
77 16 5 6
77 17 4 6
77 18 6 6
77 19 6 6
77 20 2 6
77 21 6 6
77 22 6 6
77 23 4 6
77 24 5 6
77 25 5 6
77 26 2 6
77 27 2 6
77 28 2 6
77 29 2 6
77 30 4 6
77 31 6 6
77 32 2 6
77 33 2 6
77 34 4 6
77 35 5 6
77 36 6 6
77 37 2 6
77 38 6 6
77 39 2 6
77 40 2 6
77 41 4 6
77 42 4 6
77 43 5 6
77 44 6 6
77 45 4 6
77 46 5 6
77 47 6 6
77 48 2 6
77 49 2 6
77 50 6 6
77 51 5 6
77 52 4 6
77 53 2 6
77 54 2 6
77 55 5 6
77 56 4 6
77 57 2 6
77 58 2 6
77 59 2 6
77 60 5 6
77 61 4 6
77 62 6 6
77 63 2 6
77 64 4 6
77 65 5 6
77 66 4 6
77 67 2 6
77 68 4 6
77 69 2 6
77 70 5 6
77 71 5 6
77 72 2 6
77 73 5 6
77 74 4 6
77 75 5 6
77 76 5 6
77 77 5 6
77 78 6 6
77 79 4 6
77 80 2 6
77 81 6 6
77 82 2 6
77 83 6 6
77 84 5 6
77 85 5 6
77 86 4 6
77 87 2 6
77 88 6 6
77 89 2 6
77 90 4 6
77 91 6 6
77 92 5 6
77 93 2 6
77 94 6 6
77 95 5 6
77 96 5 6
77 97 4 6
77 98 5 6
77 99 6 6
77 100 4 6
78 1 4 6
78 2 5 6
78 3 6 6
78 4 4 6
78 5 4 6
78 6 2 6
78 7 2 6
78 8 4 6
78 9 2 6
78 10 6 6
78 11 6 6
78 12 4 6
78 13 2 6
78 14 6 6
78 15 6 6
78 16 4 6
78 17 5 6
78 18 5 6
78 19 5 6
78 20 4 6
78 21 6 6
78 22 4 6
78 23 6 6
78 24 4 6
78 25 2 6
78 26 4 6
78 27 5 6
78 28 6 6
78 29 6 6
78 30 5 6
78 31 2 6
78 32 6 6
78 33 2 6
78 34 5 6
78 35 5 6
78 36 6 6
78 37 6 6
78 38 5 6
78 39 6 6
78 40 4 6
78 41 4 6
78 42 2 6
78 43 6 6
78 44 4 6
78 45 2 6
78 46 2 6
78 47 4 6
78 48 6 6
78 49 5 6
78 50 6 6
78 51 5 6
78 52 6 6
78 53 4 6
78 54 6 6
78 55 6 6
78 56 6 6
78 57 5 6
78 58 5 6
78 59 4 6
78 60 4 6
78 61 4 6
78 62 2 6
78 63 5 6
78 64 2 6
78 65 6 6
78 66 2 6
78 67 5 6
78 68 6 6
78 69 4 6
78 70 6 6
78 71 4 6
78 72 2 6
78 73 5 6
78 74 2 6
78 75 5 6
78 76 6 6
78 77 2 6
78 78 5 6
78 79 5 6
78 80 2 6
78 81 5 6
78 82 5 6
78 83 5 6
78 84 4 6
78 85 4 6
78 86 2 6
78 87 6 6
78 88 2 6
78 89 5 6
78 90 6 6
78 91 4 6
78 92 6 6
78 93 4 6
78 94 2 6
78 95 5 6
78 96 2 6
78 97 6 6
78 98 5 6
78 99 5 6
78 100 2 6
79 1 6 6
79 2 5 6
79 3 5 6
79 4 6 6
79 5 4 6
79 6 5 6
79 7 6 6
79 8 2 6
79 9 4 6
79 10 6 6
79 11 6 6
79 12 4 6
79 13 5 6
79 14 2 6
79 15 6 6
79 16 6 6
79 17 4 6
79 18 6 6
79 19 5 6
79 20 6 6
79 21 2 6
79 22 6 6
79 23 4 6
79 24 6 6
79 25 2 6
79 26 4 6
79 27 5 6
79 28 6 6
79 29 5 6
79 30 2 6
79 31 5 6
79 32 4 6
79 33 5 6
79 34 4 6
79 35 4 6
79 36 6 6
79 37 5 6
79 38 4 6
79 39 5 6
79 40 5 6
79 41 6 6
79 42 2 6
79 43 2 6
79 44 2 6
79 45 2 6
79 46 2 6
79 47 4 6
79 48 4 6
79 49 2 6
79 50 2 6
79 51 5 6
79 52 4 6
79 53 6 6
79 54 5 6
79 55 2 6
79 56 5 6
79 57 4 6
79 58 5 6
79 59 6 6
79 60 2 6
79 61 4 6
79 62 6 6
79 63 4 6
79 64 5 6
79 65 5 6
79 66 5 6
79 67 2 6
79 68 5 6
79 69 5 6
79 70 6 6
79 71 2 6
79 72 5 6
79 73 2 6
79 74 4 6
79 75 2 6
79 76 5 6
79 77 4 6
79 78 2 6
79 79 6 6
79 80 4 6
79 81 6 6
79 82 6 6
79 83 6 6
79 84 4 6
79 85 5 6
79 86 4 6
79 87 4 6
79 88 4 6
79 89 4 6
79 90 5 6
79 91 5 6
79 92 4 6
79 93 5 6
79 94 4 6
79 95 4 6
79 96 2 6
79 97 5 6
79 98 4 6
79 99 4 6
79 100 4 6
80 1 5 6
80 2 2 6
80 3 4 6
80 4 6 6
80 5 2 6
80 6 5 6
80 7 5 6
80 8 4 6
80 9 2 6
80 10 2 6
80 11 4 6
80 12 4 6
80 13 2 6
80 14 2 6
80 15 5 6
80 16 6 6
80 17 6 6
80 18 5 6
80 19 5 6
80 20 4 6
80 21 6 6
80 22 5 6
80 23 2 6
80 24 5 6
80 25 4 6
80 26 6 6
80 27 4 6
80 28 2 6
80 29 5 6
80 30 4 6
80 31 2 6
80 32 6 6
80 33 6 6
80 34 2 6
80 35 5 6
80 36 2 6
80 37 5 6
80 38 4 6
80 39 5 6
80 40 5 6
80 41 4 6
80 42 5 6
80 43 5 6
80 44 5 6
80 45 6 6
80 46 4 6
80 47 5 6
80 48 2 6
80 49 2 6
80 50 6 6
80 51 2 6
80 52 6 6
80 53 4 6
80 54 6 6
80 55 5 6
80 56 6 6
80 57 5 6
80 58 4 6
80 59 4 6
80 60 4 6
80 61 6 6
80 62 2 6
80 63 2 6
80 64 4 6
80 65 4 6
80 66 6 6
80 67 2 6
80 68 4 6
80 69 5 6
80 70 6 6
80 71 6 6
80 72 5 6
80 73 2 6
80 74 4 6
80 75 5 6
80 76 2 6
80 77 2 6
80 78 6 6
80 79 4 6
80 80 4 6
80 81 6 6
80 82 2 6
80 83 6 6
80 84 5 6
80 85 2 6
80 86 2 6
80 87 6 6
80 88 4 6
80 89 4 6
80 90 5 6
80 91 4 6
80 92 4 6
80 93 5 6
80 94 2 6
80 95 2 6
80 96 2 6
80 97 4 6
80 98 5 6
80 99 5 6
80 100 2 6
81 1 2 6
81 2 6 6
81 3 5 6
81 4 5 6
81 5 2 6
81 6 5 6
81 7 4 6
81 8 6 6
81 9 5 6
81 10 2 6
81 11 5 6
81 12 5 6
81 13 5 6
81 14 2 6
81 15 2 6
81 16 4 6
81 17 6 6
81 18 2 6
81 19 4 6
81 20 4 6
81 21 2 6
81 22 6 6
81 23 2 6
81 24 5 6
81 25 4 6
81 26 2 6
81 27 6 6
81 28 4 6
81 29 4 6
81 30 4 6
81 31 4 6
81 32 6 6
81 33 6 6
81 34 5 6
81 35 6 6
81 36 6 6
81 37 2 6
81 38 4 6
81 39 5 6
81 40 5 6
81 41 5 6
81 42 4 6
81 43 6 6
81 44 6 6
81 45 5 6
81 46 6 6
81 47 2 6
81 48 5 6
81 49 5 6
81 50 2 6
81 51 6 6
81 52 4 6
81 53 4 6
81 54 6 6
81 55 6 6
81 56 2 6
81 57 5 6
81 58 4 6
81 59 2 6
81 60 6 6
81 61 5 6
81 62 4 6
81 63 4 6
81 64 6 6
81 65 4 6
81 66 4 6
81 67 2 6
81 68 6 6
81 69 5 6
81 70 4 6
81 71 2 6
81 72 5 6
81 73 6 6
81 74 5 6
81 75 4 6
81 76 4 6
81 77 6 6
81 78 5 6
81 79 2 6
81 80 5 6
81 81 2 6
81 82 2 6
81 83 2 6
81 84 6 6
81 85 5 6
81 86 4 6
81 87 4 6
81 88 5 6
81 89 5 6
81 90 5 6
81 91 2 6
81 92 6 6
81 93 2 6
81 94 6 6
81 95 2 6
81 96 5 6
81 97 4 6
81 98 4 6
81 99 6 6
81 100 5 6
82 1 5 6
82 2 6 6
82 3 4 6
82 4 4 6
82 5 5 6
82 6 6 6
82 7 4 6
82 8 5 6
82 9 2 6
82 10 2 6
82 11 2 6
82 12 5 6
82 13 6 6
82 14 2 6
82 15 6 6
82 16 6 6
82 17 6 6
82 18 4 6
82 19 2 6
82 20 4 6
82 21 6 6
82 22 2 6
82 23 5 6
82 24 2 6
82 25 5 6
82 26 4 6
82 27 6 6
82 28 2 6
82 29 6 6
82 30 6 6
82 31 5 6
82 32 4 6
82 33 4 6
82 34 2 6
82 35 6 6
82 36 5 6
82 37 6 6
82 38 4 6
82 39 2 6
82 40 6 6
82 41 2 6
82 42 4 6
82 43 6 6
82 44 5 6
82 45 4 6
82 46 5 6
82 47 2 6
82 48 6 6
82 49 2 6
82 50 6 6
82 51 4 6
82 52 4 6
82 53 4 6
82 54 2 6
82 55 6 6
82 56 2 6
82 57 2 6
82 58 5 6
82 59 6 6
82 60 5 6
82 61 5 6
82 62 6 6
82 63 6 6
82 64 5 6
82 65 4 6
82 66 5 6
82 67 5 6
82 68 6 6
82 69 4 6
82 70 4 6
82 71 4 6
82 72 4 6
82 73 6 6
82 74 2 6
82 75 6 6
82 76 5 6
82 77 2 6
82 78 5 6
82 79 4 6
82 80 2 6
82 81 6 6
82 82 2 6
82 83 4 6
82 84 2 6
82 85 6 6
82 86 6 6
82 87 6 6
82 88 4 6
82 89 6 6
82 90 5 6
82 91 6 6
82 92 5 6
82 93 5 6
82 94 2 6
82 95 5 6
82 96 4 6
82 97 6 6
82 98 4 6
82 99 5 6
82 100 6 6
83 1 4 6
83 2 4 6
83 3 6 6
83 4 5 6
83 5 5 6
83 6 5 6
83 7 5 6
83 8 2 6
83 9 6 6
83 10 2 6
83 11 5 6
83 12 4 6
83 13 2 6
83 14 2 6
83 15 5 6
83 16 4 6
83 17 5 6
83 18 2 6
83 19 4 6
83 20 5 6
83 21 2 6
83 22 5 6
83 23 4 6
83 24 5 6
83 25 4 6
83 26 4 6
83 27 6 6
83 28 5 6
83 29 6 6
83 30 2 6
83 31 5 6
83 32 6 6
83 33 2 6
83 34 6 6
83 35 4 6
83 36 6 6
83 37 6 6
83 38 2 6
83 39 6 6
83 40 4 6
83 41 6 6
83 42 4 6
83 43 6 6
83 44 6 6
83 45 6 6
83 46 4 6
83 47 5 6
83 48 4 6
83 49 5 6
83 50 6 6
83 51 4 6
83 52 6 6
83 53 6 6
83 54 5 6
83 55 5 6
83 56 6 6
83 57 6 6
83 58 5 6
83 59 4 6
83 60 5 6
83 61 2 6
83 62 6 6
83 63 6 6
83 64 6 6
83 65 2 6
83 66 6 6
83 67 2 6
83 68 2 6
83 69 6 6
83 70 2 6
83 71 5 6
83 72 2 6
83 73 2 6
83 74 5 6
83 75 6 6
83 76 2 6
83 77 5 6
83 78 2 6
83 79 4 6
83 80 2 6
83 81 2 6
83 82 2 6
83 83 6 6
83 84 4 6
83 85 5 6
83 86 6 6
83 87 2 6
83 88 6 6
83 89 6 6
83 90 2 6
83 91 5 6
83 92 5 6
83 93 2 6
83 94 6 6
83 95 5 6
83 96 6 6
83 97 5 6
83 98 6 6
83 99 5 6
83 100 5 6
84 1 5 6
84 2 6 6
84 3 6 6
84 4 4 6
84 5 6 6
84 6 2 6
84 7 6 6
84 8 4 6
84 9 6 6
84 10 5 6
84 11 5 6
84 12 6 6
84 13 4 6
84 14 2 6
84 15 2 6
84 16 5 6
84 17 2 6
84 18 5 6
84 19 2 6
84 20 4 6
84 21 2 6
84 22 6 6
84 23 4 6
84 24 5 6
84 25 4 6
84 26 2 6
84 27 2 6
84 28 5 6
84 29 5 6
84 30 5 6
84 31 2 6
84 32 2 6
84 33 5 6
84 34 5 6
84 35 6 6
84 36 5 6
84 37 2 6
84 38 4 6
84 39 2 6
84 40 5 6
84 41 6 6
84 42 4 6
84 43 2 6
84 44 2 6
84 45 2 6
84 46 4 6
84 47 4 6
84 48 6 6
84 49 4 6
84 50 5 6
84 51 4 6
84 52 5 6
84 53 6 6
84 54 2 6
84 55 2 6
84 56 2 6
84 57 5 6
84 58 2 6
84 59 4 6
84 60 2 6
84 61 2 6
84 62 2 6
84 63 6 6
84 64 5 6
84 65 2 6
84 66 2 6
84 67 5 6
84 68 2 6
84 69 4 6
84 70 4 6
84 71 5 6
84 72 4 6
84 73 6 6
84 74 5 6
84 75 2 6
84 76 2 6
84 77 5 6
84 78 2 6
84 79 4 6
84 80 4 6
84 81 4 6
84 82 4 6
84 83 5 6
84 84 6 6
84 85 4 6
84 86 2 6
84 87 5 6
84 88 2 6
84 89 5 6
84 90 2 6
84 91 6 6
84 92 5 6
84 93 6 6
84 94 4 6
84 95 2 6
84 96 2 6
84 97 6 6
84 98 5 6
84 99 6 6
84 100 6 6
85 1 5 6
85 2 5 6
85 3 4 6
85 4 4 6
85 5 6 6
85 6 2 6
85 7 2 6
85 8 4 6
85 9 5 6
85 10 5 6
85 11 4 6
85 12 6 6
85 13 6 6
85 14 4 6
85 15 5 6
85 16 4 6
85 17 2 6
85 18 2 6
85 19 4 6
85 20 2 6
85 21 6 6
85 22 4 6
85 23 2 6
85 24 4 6
85 25 6 6
85 26 5 6
85 27 6 6
85 28 4 6
85 29 5 6
85 30 2 6
85 31 4 6
85 32 6 6
85 33 2 6
85 34 5 6
85 35 6 6
85 36 2 6
85 37 6 6
85 38 6 6
85 39 6 6
85 40 5 6
85 41 2 6
85 42 6 6
85 43 5 6
85 44 2 6
85 45 6 6
85 46 5 6
85 47 2 6
85 48 6 6
85 49 6 6
85 50 4 6
85 51 4 6
85 52 5 6
85 53 6 6
85 54 4 6
85 55 6 6
85 56 4 6
85 57 6 6
85 58 5 6
85 59 4 6
85 60 6 6
85 61 5 6
85 62 4 6
85 63 2 6
85 64 5 6
85 65 6 6
85 66 6 6
85 67 6 6
85 68 6 6
85 69 2 6
85 70 4 6
85 71 2 6
85 72 2 6
85 73 6 6
85 74 6 6
85 75 6 6
85 76 2 6
85 77 4 6
85 78 2 6
85 79 4 6
85 80 4 6
85 81 6 6
85 82 2 6
85 83 2 6
85 84 4 6
85 85 5 6
85 86 5 6
85 87 2 6
85 88 5 6
85 89 2 6
85 90 2 6
85 91 6 6
85 92 2 6
85 93 6 6
85 94 6 6
85 95 2 6
85 96 6 6
85 97 4 6
85 98 6 6
85 99 6 6
85 100 6 6
86 1 5 6
86 2 6 6
86 3 5 6
86 4 2 6
86 5 6 6
86 6 2 6
86 7 5 6
86 8 5 6
86 9 6 6
86 10 4 6
86 11 2 6
86 12 4 6
86 13 5 6
86 14 4 6
86 15 6 6
86 16 2 6
86 17 6 6
86 18 4 6
86 19 2 6
86 20 2 6
86 21 6 6
86 22 2 6
86 23 4 6
86 24 2 6
86 25 2 6
86 26 6 6
86 27 4 6
86 28 2 6
86 29 4 6
86 30 6 6
86 31 6 6
86 32 4 6
86 33 5 6
86 34 6 6
86 35 2 6
86 36 2 6
86 37 4 6
86 38 2 6
86 39 6 6
86 40 6 6
86 41 2 6
86 42 4 6
86 43 6 6
86 44 4 6
86 45 4 6
86 46 6 6
86 47 5 6
86 48 4 6
86 49 5 6
86 50 2 6
86 51 4 6
86 52 4 6
86 53 4 6
86 54 6 6
86 55 6 6
86 56 2 6
86 57 4 6
86 58 5 6
86 59 4 6
86 60 2 6
86 61 2 6
86 62 4 6
86 63 5 6
86 64 6 6
86 65 5 6
86 66 6 6
86 67 4 6
86 68 5 6
86 69 4 6
86 70 4 6
86 71 4 6
86 72 5 6
86 73 2 6
86 74 6 6
86 75 5 6
86 76 2 6
86 77 2 6
86 78 2 6
86 79 6 6
86 80 5 6
86 81 6 6
86 82 4 6
86 83 2 6
86 84 5 6
86 85 2 6
86 86 2 6
86 87 2 6
86 88 6 6
86 89 5 6
86 90 5 6
86 91 5 6
86 92 6 6
86 93 5 6
86 94 6 6
86 95 6 6
86 96 2 6
86 97 5 6
86 98 5 6
86 99 2 6
86 100 2 6
87 1 6 6
87 2 5 6
87 3 5 6
87 4 4 6
87 5 4 6
87 6 2 6
87 7 4 6
87 8 2 6
87 9 4 6
87 10 2 6
87 11 2 6
87 12 6 6
87 13 5 6
87 14 2 6
87 15 4 6
87 16 5 6
87 17 2 6
87 18 6 6
87 19 4 6
87 20 6 6
87 21 5 6
87 22 5 6
87 23 4 6
87 24 5 6
87 25 4 6
87 26 2 6
87 27 2 6
87 28 4 6
87 29 4 6
87 30 5 6
87 31 2 6
87 32 5 6
87 33 5 6
87 34 6 6
87 35 2 6
87 36 6 6
87 37 2 6
87 38 6 6
87 39 6 6
87 40 5 6
87 41 5 6
87 42 5 6
87 43 2 6
87 44 2 6
87 45 2 6
87 46 2 6
87 47 2 6
87 48 5 6
87 49 2 6
87 50 6 6
87 51 5 6
87 52 5 6
87 53 5 6
87 54 5 6
87 55 6 6
87 56 2 6
87 57 5 6
87 58 2 6
87 59 6 6
87 60 2 6
87 61 5 6
87 62 2 6
87 63 2 6
87 64 6 6
87 65 2 6
87 66 6 6
87 67 5 6
87 68 2 6
87 69 2 6
87 70 5 6
87 71 2 6
87 72 5 6
87 73 5 6
87 74 2 6
87 75 4 6
87 76 5 6
87 77 5 6
87 78 2 6
87 79 4 6
87 80 2 6
87 81 6 6
87 82 5 6
87 83 4 6
87 84 2 6
87 85 4 6
87 86 2 6
87 87 6 6
87 88 2 6
87 89 4 6
87 90 2 6
87 91 4 6
87 92 5 6
87 93 2 6
87 94 2 6
87 95 6 6
87 96 4 6
87 97 2 6
87 98 4 6
87 99 2 6
87 100 4 6
88 1 5 6
88 2 2 6
88 3 5 6
88 4 6 6
88 5 6 6
88 6 4 6
88 7 4 6
88 8 6 6
88 9 2 6
88 10 6 6
88 11 5 6
88 12 5 6
88 13 4 6
88 14 5 6
88 15 5 6
88 16 4 6
88 17 6 6
88 18 4 6
88 19 6 6
88 20 6 6
88 21 4 6
88 22 5 6
88 23 4 6
88 24 2 6
88 25 4 6
88 26 5 6
88 27 6 6
88 28 5 6
88 29 2 6
88 30 5 6
88 31 2 6
88 32 5 6
88 33 5 6
88 34 2 6
88 35 6 6
88 36 4 6
88 37 4 6
88 38 5 6
88 39 4 6
88 40 2 6
88 41 6 6
88 42 2 6
88 43 6 6
88 44 4 6
88 45 2 6
88 46 5 6
88 47 4 6
88 48 2 6
88 49 2 6
88 50 5 6
88 51 4 6
88 52 2 6
88 53 6 6
88 54 4 6
88 55 5 6
88 56 6 6
88 57 2 6
88 58 5 6
88 59 2 6
88 60 4 6
88 61 6 6
88 62 4 6
88 63 5 6
88 64 4 6
88 65 5 6
88 66 4 6
88 67 4 6
88 68 2 6
88 69 6 6
88 70 4 6
88 71 6 6
88 72 6 6
88 73 5 6
88 74 4 6
88 75 5 6
88 76 5 6
88 77 5 6
88 78 5 6
88 79 4 6
88 80 4 6
88 81 5 6
88 82 5 6
88 83 6 6
88 84 5 6
88 85 2 6
88 86 4 6
88 87 2 6
88 88 4 6
88 89 6 6
88 90 2 6
88 91 6 6
88 92 6 6
88 93 4 6
88 94 6 6
88 95 6 6
88 96 4 6
88 97 6 6
88 98 5 6
88 99 2 6
88 100 6 6
89 1 6 6
89 2 6 6
89 3 4 6
89 4 6 6
89 5 4 6
89 6 5 6
89 7 5 6
89 8 5 6
89 9 2 6
89 10 6 6
89 11 2 6
89 12 2 6
89 13 4 6
89 14 4 6
89 15 2 6
89 16 4 6
89 17 4 6
89 18 2 6
89 19 5 6
89 20 2 6
89 21 4 6
89 22 5 6
89 23 4 6
89 24 6 6
89 25 4 6
89 26 6 6
89 27 6 6
89 28 2 6
89 29 6 6
89 30 4 6
89 31 6 6
89 32 6 6
89 33 2 6
89 34 5 6
89 35 4 6
89 36 5 6
89 37 5 6
89 38 5 6
89 39 4 6
89 40 4 6
89 41 4 6
89 42 4 6
89 43 4 6
89 44 6 6
89 45 5 6
89 46 4 6
89 47 4 6
89 48 2 6
89 49 6 6
89 50 4 6
89 51 5 6
89 52 6 6
89 53 4 6
89 54 2 6
89 55 5 6
89 56 6 6
89 57 4 6
89 58 5 6
89 59 4 6
89 60 5 6
89 61 5 6
89 62 4 6
89 63 4 6
89 64 6 6
89 65 6 6
89 66 5 6
89 67 2 6
89 68 5 6
89 69 5 6
89 70 5 6
89 71 2 6
89 72 5 6
89 73 2 6
89 74 6 6
89 75 4 6
89 76 2 6
89 77 2 6
89 78 4 6
89 79 2 6
89 80 6 6
89 81 4 6
89 82 4 6
89 83 4 6
89 84 5 6
89 85 5 6
89 86 2 6
89 87 2 6
89 88 6 6
89 89 2 6
89 90 4 6
89 91 4 6
89 92 4 6
89 93 6 6
89 94 2 6
89 95 4 6
89 96 4 6
89 97 2 6
89 98 2 6
89 99 4 6
89 100 4 6
90 1 6 6
90 2 2 6
90 3 6 6
90 4 2 6
90 5 5 6
90 6 5 6
90 7 4 6
90 8 2 6
90 9 5 6
90 10 4 6
90 11 6 6
90 12 6 6
90 13 6 6
90 14 4 6
90 15 2 6
90 16 2 6
90 17 6 6
90 18 4 6
90 19 5 6
90 20 5 6
90 21 4 6
90 22 6 6
90 23 6 6
90 24 2 6
90 25 4 6
90 26 5 6
90 27 4 6
90 28 5 6
90 29 2 6
90 30 6 6
90 31 6 6
90 32 5 6
90 33 6 6
90 34 2 6
90 35 5 6
90 36 2 6
90 37 4 6
90 38 2 6
90 39 4 6
90 40 2 6
90 41 5 6
90 42 5 6
90 43 4 6
90 44 6 6
90 45 6 6
90 46 5 6
90 47 2 6
90 48 4 6
90 49 5 6
90 50 6 6
90 51 4 6
90 52 4 6
90 53 5 6
90 54 6 6
90 55 5 6
90 56 5 6
90 57 5 6
90 58 2 6
90 59 2 6
90 60 5 6
90 61 2 6
90 62 6 6
90 63 2 6
90 64 4 6
90 65 5 6
90 66 2 6
90 67 2 6
90 68 6 6
90 69 4 6
90 70 2 6
90 71 2 6
90 72 6 6
90 73 4 6
90 74 5 6
90 75 2 6
90 76 5 6
90 77 5 6
90 78 4 6
90 79 2 6
90 80 2 6
90 81 6 6
90 82 6 6
90 83 2 6
90 84 5 6
90 85 6 6
90 86 4 6
90 87 6 6
90 88 6 6
90 89 4 6
90 90 5 6
90 91 6 6
90 92 2 6
90 93 5 6
90 94 4 6
90 95 6 6
90 96 5 6
90 97 6 6
90 98 2 6
90 99 5 6
90 100 6 6
91 1 6 6
91 2 2 6
91 3 2 6
91 4 6 6
91 5 6 6
91 6 2 6
91 7 5 6
91 8 6 6
91 9 2 6
91 10 6 6
91 11 4 6
91 12 5 6
91 13 5 6
91 14 4 6
91 15 2 6
91 16 6 6
91 17 4 6
91 18 5 6
91 19 4 6
91 20 6 6
91 21 4 6
91 22 2 6
91 23 6 6
91 24 5 6
91 25 5 6
91 26 6 6
91 27 4 6
91 28 4 6
91 29 4 6
91 30 2 6
91 31 5 6
91 32 6 6
91 33 5 6
91 34 6 6
91 35 2 6
91 36 6 6
91 37 4 6
91 38 6 6
91 39 2 6
91 40 6 6
91 41 4 6
91 42 2 6
91 43 5 6
91 44 2 6
91 45 2 6
91 46 2 6
91 47 6 6
91 48 4 6
91 49 6 6
91 50 4 6
91 51 6 6
91 52 5 6
91 53 4 6
91 54 6 6
91 55 4 6
91 56 6 6
91 57 4 6
91 58 2 6
91 59 6 6
91 60 6 6
91 61 6 6
91 62 6 6
91 63 5 6
91 64 6 6
91 65 4 6
91 66 4 6
91 67 2 6
91 68 6 6
91 69 4 6
91 70 4 6
91 71 2 6
91 72 5 6
91 73 2 6
91 74 6 6
91 75 5 6
91 76 4 6
91 77 4 6
91 78 4 6
91 79 6 6
91 80 6 6
91 81 5 6
91 82 5 6
91 83 4 6
91 84 5 6
91 85 5 6
91 86 6 6
91 87 5 6
91 88 4 6
91 89 2 6
91 90 5 6
91 91 2 6
91 92 2 6
91 93 4 6
91 94 5 6
91 95 4 6
91 96 6 6
91 97 2 6
91 98 4 6
91 99 5 6
91 100 6 6
92 1 2 6
92 2 2 6
92 3 4 6
92 4 6 6
92 5 5 6
92 6 4 6
92 7 6 6
92 8 5 6
92 9 2 6
92 10 2 6
92 11 5 6
92 12 2 6
92 13 4 6
92 14 5 6
92 15 5 6
92 16 4 6
92 17 2 6
92 18 4 6
92 19 2 6
92 20 6 6
92 21 6 6
92 22 4 6
92 23 5 6
92 24 4 6
92 25 6 6
92 26 2 6
92 27 6 6
92 28 5 6
92 29 6 6
92 30 5 6
92 31 4 6
92 32 6 6
92 33 4 6
92 34 4 6
92 35 5 6
92 36 4 6
92 37 5 6
92 38 4 6
92 39 2 6
92 40 2 6
92 41 6 6
92 42 5 6
92 43 4 6
92 44 5 6
92 45 4 6
92 46 2 6
92 47 2 6
92 48 5 6
92 49 5 6
92 50 4 6
92 51 2 6
92 52 2 6
92 53 6 6
92 54 6 6
92 55 5 6
92 56 5 6
92 57 5 6
92 58 6 6
92 59 4 6
92 60 6 6
92 61 5 6
92 62 6 6
92 63 4 6
92 64 4 6
92 65 6 6
92 66 4 6
92 67 5 6
92 68 2 6
92 69 5 6
92 70 2 6
92 71 5 6
92 72 2 6
92 73 4 6
92 74 5 6
92 75 5 6
92 76 5 6
92 77 2 6
92 78 6 6
92 79 4 6
92 80 5 6
92 81 4 6
92 82 6 6
92 83 5 6
92 84 6 6
92 85 2 6
92 86 2 6
92 87 5 6
92 88 2 6
92 89 2 6
92 90 4 6
92 91 2 6
92 92 6 6
92 93 4 6
92 94 4 6
92 95 2 6
92 96 4 6
92 97 5 6
92 98 6 6
92 99 4 6
92 100 2 6
93 1 2 6
93 2 2 6
93 3 2 6
93 4 4 6
93 5 4 6
93 6 6 6
93 7 5 6
93 8 6 6
93 9 2 6
93 10 2 6
93 11 2 6
93 12 5 6
93 13 4 6
93 14 4 6
93 15 6 6
93 16 6 6
93 17 4 6
93 18 4 6
93 19 4 6
93 20 6 6
93 21 4 6
93 22 5 6
93 23 6 6
93 24 4 6
93 25 2 6
93 26 2 6
93 27 2 6
93 28 6 6
93 29 4 6
93 30 2 6
93 31 6 6
93 32 5 6
93 33 6 6
93 34 4 6
93 35 5 6
93 36 5 6
93 37 6 6
93 38 2 6
93 39 6 6
93 40 4 6
93 41 4 6
93 42 2 6
93 43 5 6
93 44 6 6
93 45 5 6
93 46 6 6
93 47 5 6
93 48 6 6
93 49 4 6
93 50 4 6
93 51 4 6
93 52 5 6
93 53 2 6
93 54 6 6
93 55 4 6
93 56 4 6
93 57 5 6
93 58 5 6
93 59 4 6
93 60 6 6
93 61 6 6
93 62 4 6
93 63 5 6
93 64 6 6
93 65 5 6
93 66 4 6
93 67 2 6
93 68 6 6
93 69 4 6
93 70 5 6
93 71 4 6
93 72 4 6
93 73 2 6
93 74 2 6
93 75 6 6
93 76 5 6
93 77 5 6
93 78 4 6
93 79 2 6
93 80 6 6
93 81 6 6
93 82 2 6
93 83 5 6
93 84 2 6
93 85 6 6
93 86 4 6
93 87 5 6
93 88 5 6
93 89 2 6
93 90 6 6
93 91 5 6
93 92 5 6
93 93 4 6
93 94 6 6
93 95 4 6
93 96 6 6
93 97 4 6
93 98 4 6
93 99 4 6
93 100 5 6
94 1 6 6
94 2 4 6
94 3 2 6
94 4 5 6
94 5 4 6
94 6 6 6
94 7 5 6
94 8 4 6
94 9 6 6
94 10 2 6
94 11 5 6
94 12 4 6
94 13 6 6
94 14 4 6
94 15 4 6
94 16 5 6
94 17 5 6
94 18 6 6
94 19 4 6
94 20 4 6
94 21 2 6
94 22 5 6
94 23 4 6
94 24 5 6
94 25 4 6
94 26 2 6
94 27 2 6
94 28 2 6
94 29 6 6
94 30 2 6
94 31 6 6
94 32 2 6
94 33 5 6
94 34 2 6
94 35 4 6
94 36 2 6
94 37 5 6
94 38 5 6
94 39 6 6
94 40 4 6
94 41 6 6
94 42 2 6
94 43 4 6
94 44 5 6
94 45 5 6
94 46 6 6
94 47 4 6
94 48 2 6
94 49 4 6
94 50 4 6
94 51 4 6
94 52 4 6
94 53 2 6
94 54 2 6
94 55 5 6
94 56 4 6
94 57 2 6
94 58 2 6
94 59 5 6
94 60 6 6
94 61 5 6
94 62 2 6
94 63 5 6
94 64 4 6
94 65 2 6
94 66 4 6
94 67 4 6
94 68 5 6
94 69 2 6
94 70 6 6
94 71 6 6
94 72 5 6
94 73 2 6
94 74 4 6
94 75 2 6
94 76 5 6
94 77 5 6
94 78 4 6
94 79 6 6
94 80 4 6
94 81 6 6
94 82 2 6
94 83 4 6
94 84 6 6
94 85 2 6
94 86 2 6
94 87 2 6
94 88 5 6
94 89 2 6
94 90 4 6
94 91 5 6
94 92 6 6
94 93 2 6
94 94 2 6
94 95 2 6
94 96 5 6
94 97 5 6
94 98 5 6
94 99 4 6
94 100 2 6
95 1 4 6
95 2 5 6
95 3 4 6
95 4 2 6
95 5 2 6
95 6 2 6
95 7 5 6
95 8 5 6
95 9 2 6
95 10 2 6
95 11 2 6
95 12 5 6
95 13 6 6
95 14 5 6
95 15 4 6
95 16 2 6
95 17 4 6
95 18 5 6
95 19 4 6
95 20 2 6
95 21 5 6
95 22 4 6
95 23 6 6
95 24 4 6
95 25 6 6
95 26 2 6
95 27 5 6
95 28 6 6
95 29 4 6
95 30 4 6
95 31 5 6
95 32 4 6
95 33 2 6
95 34 6 6
95 35 2 6
95 36 2 6
95 37 6 6
95 38 2 6
95 39 6 6
95 40 5 6
95 41 2 6
95 42 2 6
95 43 6 6
95 44 2 6
95 45 2 6
95 46 5 6
95 47 2 6
95 48 2 6
95 49 2 6
95 50 5 6
95 51 4 6
95 52 5 6
95 53 2 6
95 54 5 6
95 55 2 6
95 56 2 6
95 57 6 6
95 58 2 6
95 59 6 6
95 60 6 6
95 61 6 6
95 62 6 6
95 63 6 6
95 64 2 6
95 65 4 6
95 66 6 6
95 67 4 6
95 68 4 6
95 69 6 6
95 70 4 6
95 71 6 6
95 72 4 6
95 73 4 6
95 74 6 6
95 75 2 6
95 76 6 6
95 77 6 6
95 78 5 6
95 79 2 6
95 80 4 6
95 81 6 6
95 82 6 6
95 83 6 6
95 84 5 6
95 85 2 6
95 86 6 6
95 87 5 6
95 88 6 6
95 89 2 6
95 90 2 6
95 91 6 6
95 92 6 6
95 93 5 6
95 94 6 6
95 95 4 6
95 96 4 6
95 97 2 6
95 98 6 6
95 99 6 6
95 100 2 6
96 1 6 6
96 2 2 6
96 3 5 6
96 4 5 6
96 5 4 6
96 6 2 6
96 7 5 6
96 8 2 6
96 9 6 6
96 10 4 6
96 11 4 6
96 12 6 6
96 13 5 6
96 14 2 6
96 15 2 6
96 16 6 6
96 17 6 6
96 18 4 6
96 19 6 6
96 20 4 6
96 21 2 6
96 22 5 6
96 23 5 6
96 24 2 6
96 25 2 6
96 26 4 6
96 27 5 6
96 28 5 6
96 29 4 6
96 30 2 6
96 31 2 6
96 32 6 6
96 33 4 6
96 34 2 6
96 35 2 6
96 36 4 6
96 37 2 6
96 38 4 6
96 39 6 6
96 40 5 6
96 41 4 6
96 42 4 6
96 43 6 6
96 44 6 6
96 45 4 6
96 46 5 6
96 47 4 6
96 48 5 6
96 49 5 6
96 50 2 6
96 51 5 6
96 52 6 6
96 53 6 6
96 54 2 6
96 55 2 6
96 56 2 6
96 57 2 6
96 58 6 6
96 59 5 6
96 60 4 6
96 61 2 6
96 62 6 6
96 63 4 6
96 64 4 6
96 65 2 6
96 66 2 6
96 67 4 6
96 68 6 6
96 69 2 6
96 70 6 6
96 71 5 6
96 72 4 6
96 73 6 6
96 74 2 6
96 75 5 6
96 76 4 6
96 77 2 6
96 78 2 6
96 79 4 6
96 80 4 6
96 81 4 6
96 82 6 6
96 83 2 6
96 84 5 6
96 85 4 6
96 86 5 6
96 87 5 6
96 88 6 6
96 89 4 6
96 90 2 6
96 91 4 6
96 92 5 6
96 93 4 6
96 94 2 6
96 95 2 6
96 96 6 6
96 97 2 6
96 98 2 6
96 99 2 6
96 100 2 6
97 1 6 6
97 2 2 6
97 3 5 6
97 4 6 6
97 5 6 6
97 6 4 6
97 7 4 6
97 8 6 6
97 9 5 6
97 10 5 6
97 11 2 6
97 12 2 6
97 13 4 6
97 14 5 6
97 15 6 6
97 16 6 6
97 17 5 6
97 18 2 6
97 19 4 6
97 20 4 6
97 21 6 6
97 22 5 6
97 23 4 6
97 24 6 6
97 25 6 6
97 26 6 6
97 27 2 6
97 28 5 6
97 29 4 6
97 30 4 6
97 31 6 6
97 32 2 6
97 33 2 6
97 34 4 6
97 35 4 6
97 36 4 6
97 37 2 6
97 38 2 6
97 39 6 6
97 40 5 6
97 41 4 6
97 42 2 6
97 43 2 6
97 44 2 6
97 45 4 6
97 46 4 6
97 47 6 6
97 48 2 6
97 49 4 6
97 50 6 6
97 51 6 6
97 52 5 6
97 53 5 6
97 54 4 6
97 55 5 6
97 56 4 6
97 57 6 6
97 58 4 6
97 59 2 6
97 60 6 6
97 61 5 6
97 62 4 6
97 63 2 6
97 64 4 6
97 65 2 6
97 66 6 6
97 67 5 6
97 68 2 6
97 69 4 6
97 70 2 6
97 71 6 6
97 72 2 6
97 73 2 6
97 74 5 6
97 75 2 6
97 76 5 6
97 77 4 6
97 78 2 6
97 79 5 6
97 80 4 6
97 81 5 6
97 82 2 6
97 83 4 6
97 84 5 6
97 85 5 6
97 86 2 6
97 87 4 6
97 88 5 6
97 89 6 6
97 90 6 6
97 91 2 6
97 92 2 6
97 93 2 6
97 94 4 6
97 95 2 6
97 96 2 6
97 97 2 6
97 98 5 6
97 99 6 6
97 100 4 6
98 1 6 6
98 2 4 6
98 3 2 6
98 4 2 6
98 5 5 6
98 6 4 6
98 7 4 6
98 8 4 6
98 9 4 6
98 10 6 6
98 11 4 6
98 12 6 6
98 13 2 6
98 14 6 6
98 15 4 6
98 16 2 6
98 17 2 6
98 18 6 6
98 19 4 6
98 20 2 6
98 21 6 6
98 22 2 6
98 23 2 6
98 24 6 6
98 25 2 6
98 26 5 6
98 27 4 6
98 28 2 6
98 29 6 6
98 30 4 6
98 31 6 6
98 32 4 6
98 33 5 6
98 34 2 6
98 35 5 6
98 36 5 6
98 37 5 6
98 38 5 6
98 39 5 6
98 40 5 6
98 41 2 6
98 42 2 6
98 43 2 6
98 44 6 6
98 45 2 6
98 46 5 6
98 47 4 6
98 48 6 6
98 49 2 6
98 50 4 6
98 51 4 6
98 52 5 6
98 53 4 6
98 54 2 6
98 55 4 6
98 56 2 6
98 57 6 6
98 58 2 6
98 59 4 6
98 60 5 6
98 61 4 6
98 62 5 6
98 63 6 6
98 64 5 6
98 65 5 6
98 66 2 6
98 67 5 6
98 68 2 6
98 69 5 6
98 70 2 6
98 71 2 6
98 72 2 6
98 73 6 6
98 74 4 6
98 75 6 6
98 76 5 6
98 77 2 6
98 78 2 6
98 79 6 6
98 80 6 6
98 81 2 6
98 82 5 6
98 83 5 6
98 84 6 6
98 85 5 6
98 86 5 6
98 87 5 6
98 88 6 6
98 89 6 6
98 90 4 6
98 91 2 6
98 92 4 6
98 93 5 6
98 94 6 6
98 95 5 6
98 96 2 6
98 97 6 6
98 98 5 6
98 99 6 6
98 100 5 6
99 1 4 6
99 2 4 6
99 3 5 6
99 4 2 6
99 5 4 6
99 6 4 6
99 7 5 6
99 8 2 6
99 9 6 6
99 10 5 6
99 11 6 6
99 12 6 6
99 13 6 6
99 14 5 6
99 15 2 6
99 16 4 6
99 17 6 6
99 18 2 6
99 19 5 6
99 20 6 6
99 21 2 6
99 22 2 6
99 23 6 6
99 24 5 6
99 25 6 6
99 26 5 6
99 27 2 6
99 28 5 6
99 29 4 6
99 30 6 6
99 31 2 6
99 32 5 6
99 33 5 6
99 34 5 6
99 35 2 6
99 36 5 6
99 37 5 6
99 38 2 6
99 39 4 6
99 40 6 6
99 41 5 6
99 42 4 6
99 43 5 6
99 44 6 6
99 45 5 6
99 46 4 6
99 47 6 6
99 48 6 6
99 49 2 6
99 50 5 6
99 51 6 6
99 52 2 6
99 53 2 6
99 54 4 6
99 55 6 6
99 56 5 6
99 57 6 6
99 58 2 6
99 59 2 6
99 60 5 6
99 61 2 6
99 62 2 6
99 63 2 6
99 64 4 6
99 65 2 6
99 66 4 6
99 67 6 6
99 68 2 6
99 69 5 6
99 70 6 6
99 71 5 6
99 72 5 6
99 73 6 6
99 74 5 6
99 75 2 6
99 76 2 6
99 77 4 6
99 78 6 6
99 79 6 6
99 80 6 6
99 81 4 6
99 82 5 6
99 83 6 6
99 84 6 6
99 85 2 6
99 86 2 6
99 87 6 6
99 88 5 6
99 89 6 6
99 90 5 6
99 91 6 6
99 92 5 6
99 93 4 6
99 94 5 6
99 95 5 6
99 96 6 6
99 97 2 6
99 98 4 6
99 99 6 6
99 100 2 6
100 1 4 6
100 2 6 6
100 3 2 6
100 4 2 6
100 5 2 6
100 6 4 6
100 7 2 6
100 8 6 6
100 9 6 6
100 10 5 6
100 11 2 6
100 12 6 6
100 13 5 6
100 14 4 6
100 15 2 6
100 16 5 6
100 17 4 6
100 18 4 6
100 19 5 6
100 20 5 6
100 21 4 6
100 22 4 6
100 23 4 6
100 24 6 6
100 25 5 6
100 26 2 6
100 27 5 6
100 28 6 6
100 29 2 6
100 30 6 6
100 31 2 6
100 32 2 6
100 33 5 6
100 34 2 6
100 35 5 6
100 36 4 6
100 37 2 6
100 38 5 6
100 39 6 6
100 40 4 6
100 41 6 6
100 42 2 6
100 43 6 6
100 44 4 6
100 45 5 6
100 46 5 6
100 47 6 6
100 48 2 6
100 49 4 6
100 50 5 6
100 51 4 6
100 52 2 6
100 53 5 6
100 54 2 6
100 55 4 6
100 56 6 6
100 57 5 6
100 58 2 6
100 59 5 6
100 60 4 6
100 61 2 6
100 62 2 6
100 63 2 6
100 64 5 6
100 65 4 6
100 66 2 6
100 67 4 6
100 68 2 6
100 69 6 6
100 70 4 6
100 71 6 6
100 72 2 6
100 73 2 6
100 74 5 6
100 75 4 6
100 76 4 6
100 77 2 6
100 78 4 6
100 79 4 6
100 80 4 6
100 81 4 6
100 82 6 6
100 83 4 6
100 84 4 6
100 85 6 6
100 86 4 6
100 87 5 6
100 88 5 6
100 89 4 6
100 90 2 6
100 91 6 6
100 92 2 6
100 93 6 6
100 94 4 6
100 95 2 6
100 96 2 6
100 97 6 6
100 98 2 6
100 99 2 6
100 100 4 6
