5018,0,4982,0,0,4982
6956,0,3044,0,0,3044
7019,0,2981,0,0,2981
7192,0,2808,0,0,2808
7168,0,2832,0,0,2832
7341,0,2659,0,0,2659
7394,0,2606,0,0,2606
7505,0,2495,0,0,2495
7479,0,2521,0,0,2521
7610,0,2390,0,0,2390
7562,0,2438,0,0,2438
7691,0,2309,0,0,2309
7636,0,2364,0,0,2364
7664,0,2336,0,0,2336
7616,0,2384,0,0,2384
7729,0,2271,0,0,2271
7809,0,2191,0,0,2191
7901,0,2099,0,0,2099
7876,0,2124,0,0,2124
7924,0,2076,0,0,2076
7929,0,2071,0,0,2071
7999,0,2001,0,0,2001
7986,0,2014,0,0,2014
7964,0,2036,0,0,2036
7965,0,2035,0,0,2035
7972,0,2028,0,0,2028
7993,0,2007,0,0,2007
7996,0,2004,0,0,2004
8034,0,1966,0,0,1966
8090,0,1910,0,0,1910
8097,0,1903,0,0,1903
8111,0,1889,0,0,1889
8133,0,1867,0,0,1867
8133,0,1867,0,0,1867
8135,0,1865,0,0,1865
8072,0,1928,0,0,1928
8063,0,1937,0,0,1937
8003,0,1997,0,0,1997
8011,0,1989,0,0,1989
8084,0,1916,0,0,1916
8119,0,1881,0,0,1881
8179,0,1821,0,0,1821
8168,0,1832,0,0,1832
8210,0,1790,0,0,1790
8091,0,1909,0,0,1909
8189,0,1811,0,0,1811
8132,0,1868,0,0,1868
8162,0,1838,0,0,1838
8178,0,1822,0,0,1822
8142,0,1858,0,0,1858
8185,0,1815,0,0,1815
8127,0,1873,0,0,1873
8179,0,1821,0,0,1821
8150,0,1850,0,0,1850
8201,0,1799,0,0,1799
8212,0,1788,0,0,1788
8171,0,1829,0,0,1829
8173,0,1827,0,0,1827
8280,0,1720,0,0,1720
8255,0,1745,0,0,1745
8320,0,1680,0,0,1680
8327,0,1673,0,0,1673
8340,0,1660,0,0,1660
8355,0,1645,0,0,1645
8341,0,1659,0,0,1659
8386,0,1614,0,0,1614
8375,0,1625,0,0,1625
8426,0,1574,0,0,1574
8388,0,1612,0,0,1612
8449,0,1551,0,0,1551
8448,0,1552,0,0,1552
8475,0,1525,0,0,1525
8449,0,1551,0,0,1551
8438,0,1562,0,0,1562
8454,0,1546,0,0,1546
8454,0,1546,0,0,1546
8438,0,1562,0,0,1562
8446,0,1554,0,0,1554
8389,0,1611,0,0,1611
8463,0,1537,0,0,1537
8473,0,1527,0,0,1527
8518,0,1482,0,0,1482
8488,0,1512,0,0,1512
8476,0,1524,0,0,1524
8463,0,1537,0,0,1537
8505,0,1495,0,0,1495
8474,0,1526,0,0,1526
8450,0,1550,0,0,1550
8501,0,1499,0,0,1499
8406,0,1594,0,0,1594
8418,0,1582,0,0,1582
8364,0,1636,0,0,1636
8368,0,1632,0,0,1632
8389,0,1611,0,0,1611
8416,0,1584,0,0,1584
8475,0,1525,0,0,1525
8462,0,1538,0,0,1538
8525,0,1475,0,0,1475
8474,0,1526,0,0,1526
8504,0,1496,0,0,1496
8496,0,1504,0,0,1504
8505,0,1495,0,0,1495
8583,0,1417,0,0,1417
8552,0,1448,0,0,1448
8606,0,1394,0,0,1394
8579,0,1421,0,0,1421
8603,0,1397,0,0,1397
8601,0,1399,0,0,1399
8554,0,1446,0,0,1446
8585,0,1415,0,0,1415
8545,0,1455,0,0,1455
8574,0,1426,0,0,1426
8571,0,1429,0,0,1429
8561,0,1439,0,0,1439
8526,0,1474,0,0,1474
8542,0,1458,0,0,1458
8545,0,1455,0,0,1455
8513,0,1487,0,0,1487
8520,0,1480,0,0,1480
8604,0,1396,0,0,1396
8585,0,1415,0,0,1415
8598,0,1402,0,0,1402
8665,0,1335,0,0,1335
8598,0,1402,0,0,1402
8635,0,1365,0,0,1365
8642,0,1358,0,0,1358
8628,0,1372,0,0,1372
8659,0,1341,0,0,1341
8648,0,1352,0,0,1352
8655,0,1345,0,0,1345
8657,0,1343,0,0,1343
8599,0,1401,0,0,1401
8616,0,1384,0,0,1384
8581,0,1419,0,0,1419
8623,0,1377,0,0,1377
8588,0,1412,0,0,1412
8587,0,1413,0,0,1413
8507,0,1493,0,0,1493
8603,0,1397,0,0,1397
8605,0,1395,0,0,1395
8564,0,1436,0,0,1436
8539,0,1461,0,0,1461
8553,0,1447,0,0,1447
8545,0,1455,0,0,1455
8530,0,1470,0,0,1470
8553,0,1447,0,0,1447
8551,0,1449,0,0,1449
8612,0,1388,0,0,1388
8557,0,1443,0,0,1443
8569,0,1431,0,0,1431
8536,0,1464,0,0,1464
8539,0,1461,0,0,1461
8524,0,1476,0,0,1476
8500,0,1500,0,0,1500
8496,0,1504,0,0,1504
8537,0,1463,0,0,1463
8534,0,1466,0,0,1466
8536,0,1464,0,0,1464
8526,0,1474,0,0,1474
8526,0,1474,0,0,1474
8538,0,1462,0,0,1462
8574,0,1426,0,0,1426
8535,0,1465,0,0,1465
8583,0,1417,0,0,1417
8570,0,1430,0,0,1430
8632,0,1368,0,0,1368
8581,0,1419,0,0,1419
8585,0,1415,0,0,1415
8538,0,1462,0,0,1462
8519,0,1481,0,0,1481
8527,0,1473,0,0,1473
8524,0,1476,0,0,1476
8496,0,1504,0,0,1504
8593,0,1407,0,0,1407
8561,0,1439,0,0,1439
8574,0,1426,0,0,1426
8538,0,1462,0,0,1462
8610,0,1390,0,0,1390
8611,0,1389,0,0,1389
8591,0,1409,0,0,1409
8587,0,1413,0,0,1413
8531,0,1469,0,0,1469
8564,0,1436,0,0,1436
8557,0,1443,0,0,1443
8542,0,1458,0,0,1458
8640,0,1360,0,0,1360
8555,0,1445,0,0,1445
8677,0,1323,0,0,1323
8680,0,1320,0,0,1320
8719,0,1281,0,0,1281
8681,0,1319,0,0,1319
8665,0,1335,0,0,1335
8633,0,1367,0,0,1367
8629,0,1371,0,0,1371
8697,0,1303,0,0,1303
8671,0,1329,0,0,1329
8689,0,1311,0,0,1311
8658,0,1342,0,0,1342
8637,0,1363,0,0,1363
8616,0,1384,0,0,1384
8609,0,1391,0,0,1391
8614,0,1386,0,0,1386
8631,0,1369,0,0,1369
8701,0,1299,0,0,1299
8616,0,1384,0,0,1384
8630,0,1370,0,0,1370
8598,0,1402,0,0,1402
8542,0,1458,0,0,1458
8559,0,1441,0,0,1441
8481,0,1519,0,0,1519
8583,0,1417,0,0,1417
8590,0,1410,0,0,1410
8559,0,1441,0,0,1441
8567,0,1433,0,0,1433
8542,0,1458,0,0,1458
8572,0,1428,0,0,1428
8606,0,1394,0,0,1394
8623,0,1377,0,0,1377
8535,0,1465,0,0,1465
8630,0,1370,0,0,1370
8580,0,1420,0,0,1420
8558,0,1442,0,0,1442
8532,0,1468,0,0,1468
8533,0,1467,0,0,1467
8575,0,1425,0,0,1425
8573,0,1427,0,0,1427
8623,0,1377,0,0,1377
8633,0,1367,0,0,1367
8662,0,1338,0,0,1338
8647,0,1353,0,0,1353
8647,0,1353,0,0,1353
8728,0,1272,0,0,1272
8627,0,1373,0,0,1373
8669,0,1331,0,0,1331
8650,0,1350,0,0,1350
8710,0,1290,0,0,1290
8674,0,1326,0,0,1326
8700,0,1300,0,0,1300
8691,0,1309,0,0,1309
8755,0,1245,0,0,1245
8693,0,1307,0,0,1307
8760,0,1240,0,0,1240
8641,0,1359,0,0,1359
8720,0,1280,0,0,1280
8662,0,1338,0,0,1338
8714,0,1286,0,0,1286
8800,0,1200,0,0,1200
8732,0,1268,0,0,1268
8720,0,1280,0,0,1280
8737,0,1263,0,0,1263
8692,0,1308,0,0,1308
8710,0,1290,0,0,1290
8669,0,1331,0,0,1331
8667,0,1333,0,0,1333
8628,0,1372,0,0,1372
8723,0,1277,0,0,1277
8697,0,1303,0,0,1303
8697,0,1303,0,0,1303
8675,0,1325,0,0,1325
8721,0,1279,0,0,1279
8689,0,1311,0,0,1311
8635,0,1365,0,0,1365
8650,0,1350,0,0,1350
8716,0,1284,0,0,1284
8654,0,1346,0,0,1346
8692,0,1308,0,0,1308
8713,0,1287,0,0,1287
8717,0,1283,0,0,1283
8728,0,1272,0,0,1272
8711,0,1289,0,0,1289
8694,0,1306,0,0,1306
8731,0,1269,0,0,1269
8680,0,1320,0,0,1320
8687,0,1313,0,0,1313
8671,0,1329,0,0,1329
8717,0,1283,0,0,1283
8641,0,1359,0,0,1359
8637,0,1363,0,0,1363
8660,0,1340,0,0,1340
8678,0,1322,0,0,1322
8716,0,1284,0,0,1284
8719,0,1281,0,0,1281
8675,0,1325,0,0,1325
8700,0,1300,0,0,1300
8676,0,1324,0,0,1324
8656,0,1344,0,0,1344
8644,0,1356,0,0,1356
8717,0,1283,0,0,1283
8680,0,1320,0,0,1320
8713,0,1287,0,0,1287
8712,0,1288,0,0,1288
8787,0,1213,0,0,1213
8764,0,1236,0,0,1236
8740,0,1260,0,0,1260
8753,0,1247,0,0,1247
8763,0,1237,0,0,1237
8785,0,1215,0,0,1215
8761,0,1239,0,0,1239
8758,0,1242,0,0,1242
8751,0,1249,0,0,1249
8750,0,1250,0,0,1250
8748,0,1252,0,0,1252
8729,0,1271,0,0,1271
8802,0,1198,0,0,1198
8786,0,1214,0,0,1214
8853,0,1147,0,0,1147
8852,0,1148,0,0,1148
8764,0,1236,0,0,1236
8839,0,1161,0,0,1161
8750,0,1250,0,0,1250
8798,0,1202,0,0,1202
8757,0,1243,0,0,1243
8733,0,1267,0,0,1267
8772,0,1228,0,0,1228
8814,0,1186,0,0,1186
8779,0,1221,0,0,1221
8784,0,1216,0,0,1216
8773,0,1227,0,0,1227
8795,0,1205,0,0,1205
8739,0,1261,0,0,1261
8752,0,1248,0,0,1248
8785,0,1215,0,0,1215
8772,0,1228,0,0,1228
8806,0,1194,0,0,1194
8772,0,1228,0,0,1228
8755,0,1245,0,0,1245
8685,0,1315,0,0,1315
8642,0,1358,0,0,1358
8677,0,1323,0,0,1323
8639,0,1361,0,0,1361
8656,0,1344,0,0,1344
8668,0,1332,0,0,1332
8693,0,1307,0,0,1307
8621,0,1379,0,0,1379
8617,0,1383,0,0,1383
8618,0,1382,0,0,1382
8636,0,1364,0,0,1364
8621,0,1379,0,0,1379
8573,0,1427,0,0,1427
8648,0,1352,0,0,1352
8595,0,1405,0,0,1405
8624,0,1376,0,0,1376
8577,0,1423,0,0,1423
8547,0,1453,0,0,1453
8494,0,1506,0,0,1506
8549,0,1451,0,0,1451
8534,0,1466,0,0,1466
8587,0,1413,0,0,1413
8611,0,1389,0,0,1389
8547,0,1453,0,0,1453
8615,0,1385,0,0,1385
8600,0,1400,0,0,1400
8652,0,1348,0,0,1348
8645,0,1355,0,0,1355
8644,0,1356,0,0,1356
8692,0,1308,0,0,1308
8665,0,1335,0,0,1335
8687,0,1313,0,0,1313
8697,0,1303,0,0,1303
8656,0,1344,0,0,1344
8687,0,1313,0,0,1313
8677,0,1323,0,0,1323
8731,0,1269,0,0,1269
8712,0,1288,0,0,1288
8715,0,1285,0,0,1285
8697,0,1303,0,0,1303
8630,0,1370,0,0,1370
8726,0,1274,0,0,1274
8740,0,1260,0,0,1260
8711,0,1289,0,0,1289
8745,0,1255,0,0,1255
8738,0,1262,0,0,1262
8773,0,1227,0,0,1227
8749,0,1251,0,0,1251
8743,0,1257,0,0,1257
8757,0,1243,0,0,1243
8716,0,1284,0,0,1284
8707,0,1293,0,0,1293
8659,0,1341,0,0,1341
8757,0,1243,0,0,1243
8686,0,1314,0,0,1314
8695,0,1305,0,0,1305
8633,0,1367,0,0,1367
8608,0,1392,0,0,1392
8600,0,1400,0,0,1400
8635,0,1365,0,0,1365
8667,0,1333,0,0,1333
8683,0,1317,0,0,1317
8645,0,1355,0,0,1355
8693,0,1307,0,0,1307
8690,0,1310,0,0,1310
8668,0,1332,0,0,1332
8670,0,1330,0,0,1330
8681,0,1319,0,0,1319
8663,0,1337,0,0,1337
8654,0,1346,0,0,1346
8621,0,1379,0,0,1379
8680,0,1320,0,0,1320
8699,0,1301,0,0,1301
8715,0,1285,0,0,1285
8675,0,1325,0,0,1325
8722,0,1278,0,0,1278
8739,0,1261,0,0,1261
8779,0,1221,0,0,1221
8817,0,1183,0,0,1183
8836,0,1164,0,0,1164
8822,0,1178,0,0,1178
8902,0,1098,0,0,1098
8887,0,1113,0,0,1113
8964,0,1036,0,0,1036
8951,0,1049,0,0,1049
8975,0,1025,0,0,1025
8971,0,1029,0,0,1029
8972,0,1028,0,0,1028
8921,0,1079,0,0,1079
8982,0,1018,0,0,1018
8979,0,1021,0,0,1021
8965,0,1035,0,0,1035
9016,0,984,0,0,984
9015,0,985,0,0,985
8993,0,1007,0,0,1007
8962,0,1038,0,0,1038
8968,0,1032,0,0,1032
8964,0,1036,0,0,1036
8973,0,1027,0,0,1027
8942,0,1058,0,0,1058
8964,0,1036,0,0,1036
8970,0,1030,0,0,1030
8976,0,1024,0,0,1024
8973,0,1027,0,0,1027
9002,0,998,0,0,998
8972,0,1028,0,0,1028
8976,0,1024,0,0,1024
8934,0,1066,0,0,1066
8985,0,1015,0,0,1015
8966,0,1034,0,0,1034
8941,0,1059,0,0,1059
8957,0,1043,0,0,1043
8949,0,1051,0,0,1051
9036,0,964,0,0,964
9031,0,969,0,0,969
9074,0,926,0,0,926
9104,0,896,0,0,896
9043,0,957,0,0,957
9085,0,915,0,0,915
9037,0,963,0,0,963
8989,0,1011,0,0,1011
9003,0,997,0,0,997
8934,0,1066,0,0,1066
8921,0,1079,0,0,1079
8938,0,1062,0,0,1062
8981,0,1019,0,0,1019
8978,0,1022,0,0,1022
8961,0,1039,0,0,1039
8975,0,1025,0,0,1025
8989,0,1011,0,0,1011
8964,0,1036,0,0,1036
8968,0,1032,0,0,1032
8933,0,1067,0,0,1067
8935,0,1065,0,0,1065
8855,0,1145,0,0,1145
8886,0,1114,0,0,1114
8890,0,1110,0,0,1110
8905,0,1095,0,0,1095
8911,0,1089,0,0,1089
8867,0,1133,0,0,1133
8897,0,1103,0,0,1103
8958,0,1042,0,0,1042
8911,0,1089,0,0,1089
8873,0,1127,0,0,1127
8916,0,1084,0,0,1084
8900,0,1100,0,0,1100
8917,0,1083,0,0,1083
8892,0,1108,0,0,1108
8923,0,1077,0,0,1077
8903,0,1097,0,0,1097
8911,0,1089,0,0,1089
8878,0,1122,0,0,1122
8909,0,1091,0,0,1091
8897,0,1103,0,0,1103
8870,0,1130,0,0,1130
8944,0,1056,0,0,1056
8957,0,1043,0,0,1043
8967,0,1033,0,0,1033
9020,0,980,0,0,980
8985,0,1015,0,0,1015
9002,0,998,0,0,998
8971,0,1029,0,0,1029
8956,0,1044,0,0,1044
8960,0,1040,0,0,1040
8936,0,1064,0,0,1064
8921,0,1079,0,0,1079
8971,0,1029,0,0,1029
8937,0,1063,0,0,1063
8939,0,1061,0,0,1061
8902,0,1098,0,0,1098
8886,0,1114,0,0,1114
8857,0,1143,0,0,1143
8818,0,1182,0,0,1182
8836,0,1164,0,0,1164
8831,0,1169,0,0,1169
8800,0,1200,0,0,1200
8837,0,1163,0,0,1163
8813,0,1187,0,0,1187
8818,0,1182,0,0,1182
8864,0,1136,0,0,1136
8858,0,1142,0,0,1142
8858,0,1142,0,0,1142
8847,0,1153,0,0,1153
8812,0,1188,0,0,1188
8830,0,1170,0,0,1170
8804,0,1196,0,0,1196
8844,0,1156,0,0,1156
8804,0,1196,0,0,1196
8814,0,1186,0,0,1186
8769,0,1231,0,0,1231
8843,0,1157,0,0,1157
8819,0,1181,0,0,1181
8805,0,1195,0,0,1195
8829,0,1171,0,0,1171
8850,0,1150,0,0,1150
8826,0,1174,0,0,1174
8781,0,1219,0,0,1219
8785,0,1215,0,0,1215
8806,0,1194,0,0,1194
8796,0,1204,0,0,1204
8770,0,1230,0,0,1230
8781,0,1219,0,0,1219
8760,0,1240,0,0,1240
8761,0,1239,0,0,1239
8764,0,1236,0,0,1236
8762,0,1238,0,0,1238
8774,0,1226,0,0,1226
8706,0,1294,0,0,1294
8713,0,1287,0,0,1287
8657,0,1343,0,0,1343
8637,0,1363,0,0,1363
8619,0,1381,0,0,1381
8662,0,1338,0,0,1338
8625,0,1375,0,0,1375
8605,0,1395,0,0,1395
8610,0,1390,0,0,1390
8604,0,1396,0,0,1396
8629,0,1371,0,0,1371
8676,0,1324,0,0,1324
8648,0,1352,0,0,1352
8689,0,1311,0,0,1311
8664,0,1336,0,0,1336
8686,0,1314,0,0,1314
8671,0,1329,0,0,1329
8713,0,1287,0,0,1287
8670,0,1330,0,0,1330
8653,0,1347,0,0,1347
8682,0,1318,0,0,1318
8647,0,1353,0,0,1353
8676,0,1324,0,0,1324
8670,0,1330,0,0,1330
8691,0,1309,0,0,1309
8697,0,1303,0,0,1303
8713,0,1287,0,0,1287
8744,0,1256,0,0,1256
8737,0,1263,0,0,1263
8763,0,1237,0,0,1237
8802,0,1198,0,0,1198
8802,0,1198,0,0,1198
8783,0,1217,0,0,1217
8798,0,1202,0,0,1202
8776,0,1224,0,0,1224
8746,0,1254,0,0,1254
8688,0,1312,0,0,1312
8747,0,1253,0,0,1253
8719,0,1281,0,0,1281
8735,0,1265,0,0,1265
8779,0,1221,0,0,1221
8735,0,1265,0,0,1265
8733,0,1267,0,0,1267
8763,0,1237,0,0,1237
8805,0,1195,0,0,1195
8770,0,1230,0,0,1230
8783,0,1217,0,0,1217
8756,0,1244,0,0,1244
8692,0,1308,0,0,1308
8710,0,1290,0,0,1290
8710,0,1290,0,0,1290
8710,0,1290,0,0,1290
8700,0,1300,0,0,1300
8727,0,1273,0,0,1273
8732,0,1268,0,0,1268
8726,0,1274,0,0,1274
8711,0,1289,0,0,1289
8683,0,1317,0,0,1317
8680,0,1320,0,0,1320
8694,0,1306,0,0,1306
8698,0,1302,0,0,1302
8669,0,1331,0,0,1331
8640,0,1360,0,0,1360
8643,0,1357,0,0,1357
8684,0,1316,0,0,1316
8651,0,1349,0,0,1349
8739,0,1261,0,0,1261
8708,0,1292,0,0,1292
8764,0,1236,0,0,1236
8696,0,1304,0,0,1304
8732,0,1268,0,0,1268
8719,0,1281,0,0,1281
8670,0,1330,0,0,1330
8686,0,1314,0,0,1314
8693,0,1307,0,0,1307
8728,0,1272,0,0,1272
8722,0,1278,0,0,1278
8761,0,1239,0,0,1239
8740,0,1260,0,0,1260
8792,0,1208,0,0,1208
8740,0,1260,0,0,1260
8809,0,1191,0,0,1191
8818,0,1182,0,0,1182
8859,0,1141,0,0,1141
8841,0,1159,0,0,1159
8855,0,1145,0,0,1145
8857,0,1143,0,0,1143
8833,0,1167,0,0,1167
8840,0,1160,0,0,1160
8852,0,1148,0,0,1148
8866,0,1134,0,0,1134
8849,0,1151,0,0,1151
8886,0,1114,0,0,1114
8847,0,1153,0,0,1153
8871,0,1129,0,0,1129
8871,0,1129,0,0,1129
8829,0,1171,0,0,1171
8882,0,1118,0,0,1118
8899,0,1101,0,0,1101
8853,0,1147,0,0,1147
8808,0,1192,0,0,1192
8843,0,1157,0,0,1157
8824,0,1176,0,0,1176
8840,0,1160,0,0,1160
8764,0,1236,0,0,1236
8796,0,1204,0,0,1204
8745,0,1255,0,0,1255
8744,0,1256,0,0,1256
8745,0,1255,0,0,1255
8752,0,1248,0,0,1248
8733,0,1267,0,0,1267
8742,0,1258,0,0,1258
8725,0,1275,0,0,1275
8714,0,1286,0,0,1286
8753,0,1247,0,0,1247
8714,0,1286,0,0,1286
8706,0,1294,0,0,1294
8713,0,1287,0,0,1287
8708,0,1292,0,0,1292
8722,0,1278,0,0,1278
8709,0,1291,0,0,1291
8716,0,1284,0,0,1284
8672,0,1328,0,0,1328
8650,0,1350,0,0,1350
8690,0,1310,0,0,1310
8677,0,1323,0,0,1323
8688,0,1312,0,0,1312
8691,0,1309,0,0,1309
8631,0,1369,0,0,1369
8666,0,1334,0,0,1334
8644,0,1356,0,0,1356
8668,0,1332,0,0,1332
8680,0,1320,0,0,1320
8696,0,1304,0,0,1304
8687,0,1313,0,0,1313
8627,0,1373,0,0,1373
8714,0,1286,0,0,1286
8732,0,1268,0,0,1268
8690,0,1310,0,0,1310
8687,0,1313,0,0,1313
8692,0,1308,0,0,1308
8712,0,1288,0,0,1288
8715,0,1285,0,0,1285
8670,0,1330,0,0,1330
8704,0,1296,0,0,1296
8640,0,1360,0,0,1360
8667,0,1333,0,0,1333
8667,0,1333,0,0,1333
8642,0,1358,0,0,1358
8677,0,1323,0,0,1323
8652,0,1348,0,0,1348
8668,0,1332,0,0,1332
8678,0,1322,0,0,1322
8667,0,1333,0,0,1333
8716,0,1284,0,0,1284
8693,0,1307,0,0,1307
8682,0,1318,0,0,1318
8683,0,1317,0,0,1317
8659,0,1341,0,0,1341
8651,0,1349,0,0,1349
8684,0,1316,0,0,1316
8695,0,1305,0,0,1305
8664,0,1336,0,0,1336
8684,0,1316,0,0,1316
8677,0,1323,0,0,1323
8661,0,1339,0,0,1339
8696,0,1304,0,0,1304
8622,0,1378,0,0,1378
8637,0,1363,0,0,1363
8682,0,1318,0,0,1318
8672,0,1328,0,0,1328
8714,0,1286,0,0,1286
8653,0,1347,0,0,1347
8645,0,1355,0,0,1355
8618,0,1382,0,0,1382
8609,0,1391,0,0,1391
8643,0,1357,0,0,1357
8612,0,1388,0,0,1388
8682,0,1318,0,0,1318
8603,0,1397,0,0,1397
8649,0,1351,0,0,1351
8664,0,1336,0,0,1336
8687,0,1313,0,0,1313
8644,0,1356,0,0,1356
8672,0,1328,0,0,1328
8676,0,1324,0,0,1324
8645,0,1355,0,0,1355
8647,0,1353,0,0,1353
8661,0,1339,0,0,1339
8767,0,1233,0,0,1233
8747,0,1253,0,0,1253
8787,0,1213,0,0,1213
8718,0,1282,0,0,1282
8754,0,1246,0,0,1246
8699,0,1301,0,0,1301
8705,0,1295,0,0,1295
8658,0,1342,0,0,1342
8647,0,1353,0,0,1353
8662,0,1338,0,0,1338
8681,0,1319,0,0,1319
8680,0,1320,0,0,1320
8741,0,1259,0,0,1259
8739,0,1261,0,0,1261
8721,0,1279,0,0,1279
8728,0,1272,0,0,1272
8749,0,1251,0,0,1251
8748,0,1252,0,0,1252
8723,0,1277,0,0,1277
8790,0,1210,0,0,1210
8742,0,1258,0,0,1258
8817,0,1183,0,0,1183
8812,0,1188,0,0,1188
8836,0,1164,0,0,1164
8809,0,1191,0,0,1191
8822,0,1178,0,0,1178
8858,0,1142,0,0,1142
8831,0,1169,0,0,1169
8840,0,1160,0,0,1160
8856,0,1144,0,0,1144
8810,0,1190,0,0,1190
8809,0,1191,0,0,1191
8778,0,1222,0,0,1222
8786,0,1214,0,0,1214
8769,0,1231,0,0,1231
8735,0,1265,0,0,1265
8738,0,1262,0,0,1262
8639,0,1361,0,0,1361
8743,0,1257,0,0,1257
8713,0,1287,0,0,1287
8719,0,1281,0,0,1281
8664,0,1336,0,0,1336
8649,0,1351,0,0,1351
8642,0,1358,0,0,1358
8631,0,1369,0,0,1369
8595,0,1405,0,0,1405
8615,0,1385,0,0,1385
8589,0,1411,0,0,1411
8622,0,1378,0,0,1378
8605,0,1395,0,0,1395
8625,0,1375,0,0,1375
8584,0,1416,0,0,1416
8604,0,1396,0,0,1396
8619,0,1381,0,0,1381
8638,0,1362,0,0,1362
8567,0,1433,0,0,1433
8601,0,1399,0,0,1399
8608,0,1392,0,0,1392
8595,0,1405,0,0,1405
8617,0,1383,0,0,1383
8596,0,1404,0,0,1404
8624,0,1376,0,0,1376
8593,0,1407,0,0,1407
8634,0,1366,0,0,1366
8620,0,1380,0,0,1380
8693,0,1307,0,0,1307
8700,0,1300,0,0,1300
8698,0,1302,0,0,1302
8704,0,1296,0,0,1296
8715,0,1285,0,0,1285
8682,0,1318,0,0,1318
8654,0,1346,0,0,1346
8724,0,1276,0,0,1276
8672,0,1328,0,0,1328
8727,0,1273,0,0,1273
8814,0,1186,0,0,1186
8796,0,1204,0,0,1204
8856,0,1144,0,0,1144
8849,0,1151,0,0,1151
8817,0,1183,0,0,1183
8803,0,1197,0,0,1197
8770,0,1230,0,0,1230
8807,0,1193,0,0,1193
8786,0,1214,0,0,1214
8725,0,1275,0,0,1275
8699,0,1301,0,0,1301
8690,0,1310,0,0,1310
8672,0,1328,0,0,1328
8630,0,1370,0,0,1370
8642,0,1358,0,0,1358
8635,0,1365,0,0,1365
8645,0,1355,0,0,1355
8695,0,1305,0,0,1305
8672,0,1328,0,0,1328
8716,0,1284,0,0,1284
8620,0,1380,0,0,1380
8690,0,1310,0,0,1310
8638,0,1362,0,0,1362
8705,0,1295,0,0,1295
8624,0,1376,0,0,1376
8633,0,1367,0,0,1367
8577,0,1423,0,0,1423
8672,0,1328,0,0,1328
8587,0,1413,0,0,1413
8647,0,1353,0,0,1353
8638,0,1362,0,0,1362
8656,0,1344,0,0,1344
8595,0,1405,0,0,1405
8661,0,1339,0,0,1339
8619,0,1381,0,0,1381
8675,0,1325,0,0,1325
8599,0,1401,0,0,1401
8590,0,1410,0,0,1410
8589,0,1411,0,0,1411
8630,0,1370,0,0,1370
8705,0,1295,0,0,1295
8650,0,1350,0,0,1350
8609,0,1391,0,0,1391
8636,0,1364,0,0,1364
8641,0,1359,0,0,1359
8686,0,1314,0,0,1314
8695,0,1305,0,0,1305
8758,0,1242,0,0,1242
8752,0,1248,0,0,1248
8763,0,1237,0,0,1237
8763,0,1237,0,0,1237
8713,0,1287,0,0,1287
8706,0,1294,0,0,1294
8698,0,1302,0,0,1302
8712,0,1288,0,0,1288
8734,0,1266,0,0,1266
8666,0,1334,0,0,1334
8687,0,1313,0,0,1313
8702,0,1298,0,0,1298
8712,0,1288,0,0,1288
8643,0,1357,0,0,1357
8700,0,1300,0,0,1300
8672,0,1328,0,0,1328
8723,0,1277,0,0,1277
8720,0,1280,0,0,1280
8730,0,1270,0,0,1270
8757,0,1243,0,0,1243
8755,0,1245,0,0,1245
8820,0,1180,0,0,1180
8755,0,1245,0,0,1245
8774,0,1226,0,0,1226
8684,0,1316,0,0,1316
8770,0,1230,0,0,1230
8762,0,1238,0,0,1238
8770,0,1230,0,0,1230
8761,0,1239,0,0,1239
8807,0,1193,0,0,1193
8807,0,1193,0,0,1193
8793,0,1207,0,0,1207
8826,0,1174,0,0,1174
8844,0,1156,0,0,1156
8835,0,1165,0,0,1165
8862,0,1138,0,0,1138
8844,0,1156,0,0,1156
8818,0,1182,0,0,1182
8845,0,1155,0,0,1155
8798,0,1202,0,0,1202
8842,0,1158,0,0,1158
8821,0,1179,0,0,1179
8868,0,1132,0,0,1132
8841,0,1159,0,0,1159
8874,0,1126,0,0,1126
8913,0,1087,0,0,1087
8908,0,1092,0,0,1092
8915,0,1085,0,0,1085
8860,0,1140,0,0,1140
8853,0,1147,0,0,1147
8923,0,1077,0,0,1077
8870,0,1130,0,0,1130
8861,0,1139,0,0,1139
8870,0,1130,0,0,1130
8873,0,1127,0,0,1127
8855,0,1145,0,0,1145
8888,0,1112,0,0,1112
8945,0,1055,0,0,1055
8988,0,1012,0,0,1012
9007,0,993,0,0,993
9023,0,977,0,0,977
9030,0,970,0,0,970
9072,0,928,0,0,928
9046,0,954,0,0,954
9023,0,977,0,0,977
9010,0,990,0,0,990
8984,0,1016,0,0,1016
9004,0,996,0,0,996
9010,0,990,0,0,990
8997,0,1003,0,0,1003
8962,0,1038,0,0,1038
8976,0,1024,0,0,1024
8936,0,1064,0,0,1064
8943,0,1057,0,0,1057
8925,0,1075,0,0,1075
8938,0,1062,0,0,1062
8917,0,1083,0,0,1083
8908,0,1092,0,0,1092
8950,0,1050,0,0,1050
8925,0,1075,0,0,1075
8888,0,1112,0,0,1112
8849,0,1151,0,0,1151
8881,0,1119,0,0,1119
8862,0,1138,0,0,1138
8872,0,1128,0,0,1128
8902,0,1098,0,0,1098
8873,0,1127,0,0,1127
8913,0,1087,0,0,1087
8917,0,1083,0,0,1083
8914,0,1086,0,0,1086
8922,0,1078,0,0,1078
8928,0,1072,0,0,1072
8970,0,1030,0,0,1030
8976,0,1024,0,0,1024
8942,0,1058,0,0,1058
8993,0,1007,0,0,1007
8983,0,1017,0,0,1017
9035,0,965,0,0,965
9028,0,972,0,0,972
9058,0,942,0,0,942
9053,0,947,0,0,947
9099,0,901,0,0,901
9117,0,883,0,0,883
9145,0,855,0,0,855
9198,0,802,0,0,802
9192,0,808,0,0,808
9198,0,802,0,0,802
9192,0,808,0,0,808
9216,0,784,0,0,784
9189,0,811,0,0,811
9220,0,780,0,0,780
9205,0,795,0,0,795
9210,0,790,0,0,790
9225,0,775,0,0,775
9200,0,800,0,0,800
9123,0,877,0,0,877
9147,0,853,0,0,853
9178,0,822,0,0,822
9202,0,798,0,0,798
9208,0,792,0,0,792
9226,0,774,0,0,774
9244,0,756,0,0,756
9241,0,759,0,0,759
9288,0,712,0,0,712
9265,0,735,0,0,735
9227,0,773,0,0,773
9189,0,811,0,0,811
9191,0,809,0,0,809
9175,0,825,0,0,825
9186,0,814,0,0,814
9125,0,875,0,0,875
9115,0,885,0,0,885
9135,0,865,0,0,865
9137,0,863,0,0,863
9194,0,806,0,0,806
9184,0,816,0,0,816
9196,0,804,0,0,804
9141,0,859,0,0,859
9185,0,815,0,0,815
9166,0,834,0,0,834
9200,0,800,0,0,800
9184,0,816,0,0,816
9198,0,802,0,0,802
9215,0,785,0,0,785
9181,0,819,0,0,819
9185,0,815,0,0,815
9194,0,806,0,0,806
9205,0,795,0,0,795
9196,0,804,0,0,804
9219,0,781,0,0,781
9209,0,791,0,0,791
9213,0,787,0,0,787
9160,0,840,0,0,840
9202,0,798,0,0,798
9232,0,768,0,0,768
9208,0,792,0,0,792
9199,0,801,0,0,801
9223,0,777,0,0,777
9207,0,793,0,0,793
9217,0,783,0,0,783
9180,0,820,0,0,820
9170,0,830,0,0,830
9187,0,813,0,0,813
9211,0,789,0,0,789
9154,0,846,0,0,846
9156,0,844,0,0,844
9143,0,857,0,0,857
9146,0,854,0,0,854
9131,0,869,0,0,869
9108,0,892,0,0,892
9084,0,916,0,0,916
9087,0,913,0,0,913
9080,0,920,0,0,920
9093,0,907,0,0,907
9113,0,887,0,0,887
9070,0,930,0,0,930
9103,0,897,0,0,897
9081,0,919,0,0,919
9141,0,859,0,0,859
9140,0,860,0,0,860
9139,0,861,0,0,861
9077,0,923,0,0,923
9087,0,913,0,0,913
9043,0,957,0,0,957
9037,0,963,0,0,963
9016,0,984,0,0,984
9039,0,961,0,0,961
9054,0,946,0,0,946
9067,0,933,0,0,933
9021,0,979,0,0,979
9055,0,945,0,0,945
9072,0,928,0,0,928
9102,0,898,0,0,898
9052,0,948,0,0,948
9058,0,942,0,0,942
9083,0,917,0,0,917
9077,0,923,0,0,923
9066,0,934,0,0,934
9064,0,936,0,0,936
9064,0,936,0,0,936
9048,0,952,0,0,952
8963,0,1037,0,0,1037
9049,0,951,0,0,951
9004,0,996,0,0,996
9011,0,989,0,0,989
8974,0,1026,0,0,1026
9042,0,958,0,0,958
9034,0,966,0,0,966
8996,0,1004,0,0,1004
9003,0,997,0,0,997
9002,0,998,0,0,998
9022,0,978,0,0,978
8976,0,1024,0,0,1024
8956,0,1044,0,0,1044
9006,0,994,0,0,994
9011,0,989,0,0,989
8986,0,1014,0,0,1014
8925,0,1075,0,0,1075
8945,0,1055,0,0,1055
8901,0,1099,0,0,1099
8928,0,1072,0,0,1072
8926,0,1074,0,0,1074
8925,0,1075,0,0,1075
8986,0,1014,0,0,1014
8998,0,1002,0,0,1002
9030,0,970,0,0,970
9011,0,989,0,0,989
9064,0,936,0,0,936
9066,0,934,0,0,934
9068,0,932,0,0,932
9074,0,926,0,0,926
9005,0,995,0,0,995
9060,0,940,0,0,940
9095,0,905,0,0,905
9098,0,902,0,0,902
9081,0,919,0,0,919
9083,0,917,0,0,917
9057,0,943,0,0,943
9061,0,939,0,0,939
9088,0,912,0,0,912
9093,0,907,0,0,907
9035,0,965,0,0,965
9072,0,928,0,0,928
9071,0,929,0,0,929
9071,0,929,0,0,929
9085,0,915,0,0,915
9067,0,933,0,0,933
9076,0,924,0,0,924
9091,0,909,0,0,909
9126,0,874,0,0,874
9107,0,893,0,0,893
9157,0,843,0,0,843
9152,0,848,0,0,848
9165,0,835,0,0,835
9173,0,827,0,0,827
9212,0,788,0,0,788
9194,0,806,0,0,806
9183,0,817,0,0,817
9158,0,842,0,0,842
9176,0,824,0,0,824
9195,0,805,0,0,805
9152,0,848,0,0,848
9176,0,824,0,0,824
9172,0,828,0,0,828
9143,0,857,0,0,857
9147,0,853,0,0,853
9136,0,864,0,0,864
9125,0,875,0,0,875
9149,0,851,0,0,851
9147,0,853,0,0,853
9149,0,851,0,0,851
9127,0,873,0,0,873
9162,0,838,0,0,838
9107,0,893,0,0,893
9148,0,852,0,0,852
9131,0,869,0,0,869
9126,0,874,0,0,874
9115,0,885,0,0,885
9097,0,903,0,0,903
9107,0,893,0,0,893
9089,0,911,0,0,911
9142,0,858,0,0,858
9126,0,874,0,0,874
9115,0,885,0,0,885
9098,0,902,0,0,902
9075,0,925,0,0,925
9108,0,892,0,0,892
9107,0,893,0,0,893
9074,0,926,0,0,926
9097,0,903,0,0,903
9090,0,910,0,0,910
9137,0,863,0,0,863
9126,0,874,0,0,874
9110,0,890,0,0,890
9101,0,899,0,0,899
9093,0,907,0,0,907
9117,0,883,0,0,883
9084,0,916,0,0,916
9122,0,878,0,0,878
9107,0,893,0,0,893
9094,0,906,0,0,906
9118,0,882,0,0,882
9092,0,908,0,0,908
9106,0,894,0,0,894
9126,0,874,0,0,874
9139,0,861,0,0,861
9148,0,852,0,0,852
9176,0,824,0,0,824
9163,0,837,0,0,837
9181,0,819,0,0,819
9130,0,870,0,0,870
9158,0,842,0,0,842
9129,0,871,0,0,871
9119,0,881,0,0,881
9192,0,808,0,0,808
9181,0,819,0,0,819
9158,0,842,0,0,842
9170,0,830,0,0,830
9157,0,843,0,0,843
9161,0,839,0,0,839
9183,0,817,0,0,817
9192,0,808,0,0,808
9196,0,804,0,0,804
9152,0,848,0,0,848
9189,0,811,0,0,811
9185,0,815,0,0,815
9213,0,787,0,0,787
9194,0,806,0,0,806
9205,0,795,0,0,795
9147,0,853,0,0,853
9191,0,809,0,0,809
9167,0,833,0,0,833
9161,0,839,0,0,839
9167,0,833,0,0,833
9130,0,870,0,0,870
9176,0,824,0,0,824
9128,0,872,0,0,872
9135,0,865,0,0,865
9162,0,838,0,0,838
9157,0,843,0,0,843
9168,0,832,0,0,832
9164,0,836,0,0,836
9189,0,811,0,0,811
9179,0,821,0,0,821
9158,0,842,0,0,842
9178,0,822,0,0,822
9169,0,831,0,0,831
9114,0,886,0,0,886
9164,0,836,0,0,836
9136,0,864,0,0,864
9174,0,826,0,0,826
9145,0,855,0,0,855
9178,0,822,0,0,822
9178,0,822,0,0,822
9194,0,806,0,0,806
9185,0,815,0,0,815
9190,0,810,0,0,810
9132,0,868,0,0,868
9194,0,806,0,0,806
9209,0,791,0,0,791
9249,0,751,0,0,751
9235,0,765,0,0,765
9234,0,766,0,0,766
9230,0,770,0,0,770
9222,0,778,0,0,778
9185,0,815,0,0,815
9180,0,820,0,0,820
9157,0,843,0,0,843
9147,0,853,0,0,853
9199,0,801,0,0,801
9142,0,858,0,0,858
9148,0,852,0,0,852
9161,0,839,0,0,839
9112,0,888,0,0,888
9152,0,848,0,0,848
9089,0,911,0,0,911
9132,0,868,0,0,868
9088,0,912,0,0,912
9115,0,885,0,0,885
9112,0,888,0,0,888
9110,0,890,0,0,890
9067,0,933,0,0,933
9056,0,944,0,0,944
9037,0,963,0,0,963
9017,0,983,0,0,983
8977,0,1023,0,0,1023
8972,0,1028,0,0,1028
8953,0,1047,0,0,1047
8937,0,1063,0,0,1063
8928,0,1072,0,0,1072
8955,0,1045,0,0,1045
8930,0,1070,0,0,1070
8981,0,1019,0,0,1019
8921,0,1079,0,0,1079
8958,0,1042,0,0,1042
8880,0,1120,0,0,1120
8925,0,1075,0,0,1075
8883,0,1117,0,0,1117
8926,0,1074,0,0,1074
8923,0,1077,0,0,1077
8899,0,1101,0,0,1101
8909,0,1091,0,0,1091
8933,0,1067,0,0,1067
8891,0,1109,0,0,1109
8958,0,1042,0,0,1042
8909,0,1091,0,0,1091
8954,0,1046,0,0,1046
8945,0,1055,0,0,1055
8950,0,1050,0,0,1050
8967,0,1033,0,0,1033
8958,0,1042,0,0,1042
8916,0,1084,0,0,1084
8910,0,1090,0,0,1090
8906,0,1094,0,0,1094
8933,0,1067,0,0,1067
8916,0,1084,0,0,1084
8903,0,1097,0,0,1097
8910,0,1090,0,0,1090
8892,0,1108,0,0,1108
8869,0,1131,0,0,1131
8850,0,1150,0,0,1150
8874,0,1126,0,0,1126
8816,0,1184,0,0,1184
8850,0,1150,0,0,1150
8816,0,1184,0,0,1184
8895,0,1105,0,0,1105
8888,0,1112,0,0,1112
8930,0,1070,0,0,1070
8909,0,1091,0,0,1091
8927,0,1073,0,0,1073
8938,0,1062,0,0,1062
8936,0,1064,0,0,1064
8949,0,1051,0,0,1051
8957,0,1043,0,0,1043
8977,0,1023,0,0,1023
8977,0,1023,0,0,1023
9000,0,1000,0,0,1000
8993,0,1007,0,0,1007
8999,0,1001,0,0,1001
9024,0,976,0,0,976
9017,0,983,0,0,983
9032,0,968,0,0,968
9003,0,997,0,0,997
9036,0,964,0,0,964
9030,0,970,0,0,970
9028,0,972,0,0,972
9049,0,951,0,0,951
9033,0,967,0,0,967
9088,0,912,0,0,912
9071,0,929,0,0,929
9095,0,905,0,0,905
9092,0,908,0,0,908
9082,0,918,0,0,918
9065,0,935,0,0,935
9084,0,916,0,0,916
9079,0,921,0,0,921
9071,0,929,0,0,929
9092,0,908,0,0,908
9115,0,885,0,0,885
9098,0,902,0,0,902
9082,0,918,0,0,918
9099,0,901,0,0,901
9080,0,920,0,0,920
9105,0,895,0,0,895
9095,0,905,0,0,905
9079,0,921,0,0,921
9038,0,962,0,0,962
9005,0,995,0,0,995
9019,0,981,0,0,981
8991,0,1009,0,0,1009
9002,0,998,0,0,998
9009,0,991,0,0,991
9016,0,984,0,0,984
9044,0,956,0,0,956
9007,0,993,0,0,993
9015,0,985,0,0,985
9022,0,978,0,0,978
9038,0,962,0,0,962
9053,0,947,0,0,947
9036,0,964,0,0,964
9016,0,984,0,0,984
9030,0,970,0,0,970
9032,0,968,0,0,968
9046,0,954,0,0,954
9079,0,921,0,0,921
9091,0,909,0,0,909
9130,0,870,0,0,870
9139,0,861,0,0,861
9166,0,834,0,0,834
9174,0,826,0,0,826
9153,0,847,0,0,847
9196,0,804,0,0,804
9172,0,828,0,0,828
9185,0,815,0,0,815
9190,0,810,0,0,810
9188,0,812,0,0,812
9142,0,858,0,0,858
9176,0,824,0,0,824
9163,0,837,0,0,837
9152,0,848,0,0,848
9144,0,856,0,0,856
9152,0,848,0,0,848
9176,0,824,0,0,824
9145,0,855,0,0,855
9117,0,883,0,0,883
9115,0,885,0,0,885
9118,0,882,0,0,882
9112,0,888,0,0,888
9084,0,916,0,0,916
9073,0,927,0,0,927
9078,0,922,0,0,922
9079,0,921,0,0,921
9102,0,898,0,0,898
9140,0,860,0,0,860
9087,0,913,0,0,913
9117,0,883,0,0,883
9079,0,921,0,0,921
9058,0,942,0,0,942
9125,0,875,0,0,875
9041,0,959,0,0,959
9072,0,928,0,0,928
9073,0,927,0,0,927
9055,0,945,0,0,945
9034,0,966,0,0,966
9026,0,974,0,0,974
9019,0,981,0,0,981
9062,0,938,0,0,938
9088,0,912,0,0,912
9070,0,930,0,0,930
9098,0,902,0,0,902
9115,0,885,0,0,885
9130,0,870,0,0,870
9173,0,827,0,0,827
9137,0,863,0,0,863
9166,0,834,0,0,834
9152,0,848,0,0,848
9185,0,815,0,0,815
9169,0,831,0,0,831
9194,0,806,0,0,806
9165,0,835,0,0,835
9216,0,784,0,0,784
9192,0,808,0,0,808
9200,0,800,0,0,800
9205,0,795,0,0,795
9184,0,816,0,0,816
9186,0,814,0,0,814
9185,0,815,0,0,815
9188,0,812,0,0,812
9169,0,831,0,0,831
9173,0,827,0,0,827
9142,0,858,0,0,858
9110,0,890,0,0,890
9106,0,894,0,0,894
9157,0,843,0,0,843
9115,0,885,0,0,885
9117,0,883,0,0,883
9086,0,914,0,0,914
9135,0,865,0,0,865
9131,0,869,0,0,869
9119,0,881,0,0,881
9120,0,880,0,0,880
9089,0,911,0,0,911
9120,0,880,0,0,880
9036,0,964,0,0,964
9080,0,920,0,0,920
9087,0,913,0,0,913
9082,0,918,0,0,918
9055,0,945,0,0,945
9066,0,934,0,0,934
9013,0,987,0,0,987
9059,0,941,0,0,941
9040,0,960,0,0,960
9018,0,982,0,0,982
8994,0,1006,0,0,1006
9013,0,987,0,0,987
8982,0,1018,0,0,1018
9001,0,999,0,0,999
8952,0,1048,0,0,1048
8985,0,1015,0,0,1015
8993,0,1007,0,0,1007
8985,0,1015,0,0,1015
8995,0,1005,0,0,1005
8966,0,1034,0,0,1034
9025,0,975,0,0,975
8998,0,1002,0,0,1002
8978,0,1022,0,0,1022
9018,0,982,0,0,982
9019,0,981,0,0,981
9012,0,988,0,0,988
8983,0,1017,0,0,1017
8982,0,1018,0,0,1018
8978,0,1022,0,0,1022
8993,0,1007,0,0,1007
8980,0,1020,0,0,1020
8937,0,1063,0,0,1063
8953,0,1047,0,0,1047
8955,0,1045,0,0,1045
8969,0,1031,0,0,1031
8950,0,1050,0,0,1050
8933,0,1067,0,0,1067
8994,0,1006,0,0,1006
8939,0,1061,0,0,1061
8940,0,1060,0,0,1060
8971,0,1029,0,0,1029
8942,0,1058,0,0,1058
8941,0,1059,0,0,1059
8906,0,1094,0,0,1094
8904,0,1096,0,0,1096
8870,0,1130,0,0,1130
8921,0,1079,0,0,1079
8928,0,1072,0,0,1072
8883,0,1117,0,0,1117
8867,0,1133,0,0,1133
8869,0,1131,0,0,1131
8877,0,1123,0,0,1123
8889,0,1111,0,0,1111
8887,0,1113,0,0,1113
8961,0,1039,0,0,1039
8965,0,1035,0,0,1035
9001,0,999,0,0,999
9017,0,983,0,0,983
9031,0,969,0,0,969
9014,0,986,0,0,986
9034,0,966,0,0,966
9018,0,982,0,0,982
9006,0,994,0,0,994
9006,0,994,0,0,994
9025,0,975,0,0,975
9002,0,998,0,0,998
9036,0,964,0,0,964
9022,0,978,0,0,978
8974,0,1026,0,0,1026
8994,0,1006,0,0,1006
8987,0,1013,0,0,1013
9013,0,987,0,0,987
9075,0,925,0,0,925
9104,0,896,0,0,896
9089,0,911,0,0,911
9113,0,887,0,0,887
9084,0,916,0,0,916
9097,0,903,0,0,903
9088,0,912,0,0,912
9087,0,913,0,0,913
9076,0,924,0,0,924
9061,0,939,0,0,939
9089,0,911,0,0,911
9124,0,876,0,0,876
9120,0,880,0,0,880
9064,0,936,0,0,936
9114,0,886,0,0,886
9106,0,894,0,0,894
9095,0,905,0,0,905
9066,0,934,0,0,934
9115,0,885,0,0,885
9116,0,884,0,0,884
9118,0,882,0,0,882
