2438,2548,0,2453,2561,7562
8774,414,0,398,414,1226
9419,178,0,178,225,581
9290,208,0,219,283,710
9220,223,0,239,318,780
9009,275,0,296,420,991
8852,312,0,332,504,1148
8654,355,0,376,615,1346
8488,412,0,404,696,1512
8298,474,0,445,783,1702
8173,532,0,451,844,1827
7971,596,0,483,950,2029
7819,638,0,520,1023,2181
7680,679,0,554,1087,2320
7488,716,0,591,1205,2512
7326,760,0,614,1300,2674
7170,807,0,642,1381,2830
7054,845,0,648,1453,2946
6892,878,0,692,1538,3108
6759,903,0,724,1614,3241
6638,935,0,737,1690,3362
6519,960,0,766,1755,3481
6422,985,0,767,1826,3578
6322,1022,0,772,1884,3678
6215,1059,0,801,1925,3785
6065,1081,0,833,2021,3935
6005,1114,0,833,2048,3995
5912,1131,0,841,2116,4088
5806,1162,0,861,2171,4194
5746,1183,0,860,2211,4254
5667,1198,0,864,2271,4333
5556,1243,0,891,2310,4444
5513,1257,0,891,2339,4487
5466,1291,0,881,2362,4534
5357,1339,0,884,2420,4643
5370,1314,0,896,2420,4630
5287,1341,0,906,2466,4713
5252,1370,0,877,2501,4748
5194,1383,0,896,2527,4806
5108,1396,0,932,2564,4892
5067,1407,0,937,2589,4933
5016,1417,0,939,2628,4984
4977,1419,0,963,2641,5023
4944,1429,0,954,2673,5056
4855,1456,0,975,2714,5145
4842,1463,0,963,2732,5158
4812,1468,0,955,2765,5188
4765,1475,0,968,2792,5235
4723,1486,0,986,2805,5277
4689,1490,0,987,2834,5311
4640,1493,0,995,2872,5360
4645,1509,0,997,2849,5355
4586,1538,0,1019,2857,5414
4587,1527,0,1027,2859,5413
4585,1554,0,1023,2838,5415
4519,1576,0,1036,2869,5481
4515,1588,0,1046,2851,5485
4475,1598,0,1057,2870,5525
4490,1615,0,1041,2854,5510
4440,1652,0,1063,2845,5560
4449,1645,0,1075,2831,5551
4450,1657,0,1072,2821,5550
4408,1679,0,1101,2812,5592
4425,1708,0,1086,2781,5575
4431,1726,0,1094,2749,5569
4412,1763,0,1117,2708,5588
4392,1762,0,1136,2710,5608
4410,1785,0,1135,2670,5590
4443,1793,0,1157,2607,5557
4407,1855,0,1153,2585,5593
4447,1853,0,1141,2559,5553
4391,1913,0,1173,2523,5609
4375,1936,0,1181,2508,5625
4379,1967,0,1207,2447,5621
4395,1969,0,1214,2422,5605
4362,1982,0,1226,2430,5638
4382,2017,0,1235,2366,5618
4419,2028,0,1225,2328,5581
4444,2049,0,1225,2282,5556
4375,2102,0,1260,2263,5625
4368,2127,0,1271,2234,5632
4374,2160,0,1272,2194,5626
4382,2208,0,1289,2121,5618
4343,2245,0,1303,2109,5657
4362,2288,0,1299,2051,5638
4368,2296,0,1320,2016,5632
4390,2286,0,1327,1997,5610
4355,2317,0,1351,1977,5645
4376,2343,0,1363,1918,5624
4384,2365,0,1386,1865,5616
4368,2388,0,1400,1844,5632
4376,2380,0,1422,1822,5624
4392,2394,0,1422,1792,5608
4347,2424,0,1440,1789,5653
4332,2405,0,1467,1796,5668
4355,2413,0,1451,1781,5645
4359,2417,0,1472,1752,5641
4355,2414,0,1515,1716,5645
4386,2411,0,1514,1689,5614
4383,2430,0,1509,1678,5617
4316,2429,0,1595,1660,5684
4337,2411,0,1605,1647,5663
4359,2392,0,1630,1619,5641
4369,2399,0,1646,1586,5631
4370,2402,0,1670,1558,5630
4347,2406,0,1710,1537,5653
4339,2412,0,1728,1521,5661
4341,2393,0,1773,1493,5659
4342,2386,0,1817,1455,5658
4356,2371,0,1832,1441,5644
4296,2383,0,1882,1439,5704
4347,2343,0,1909,1401,5653
4363,2356,0,1911,1370,5637
4336,2344,0,1963,1357,5664
4363,2332,0,1983,1322,5637
4318,2337,0,2028,1317,5682
4322,2349,0,2038,1291,5678
4307,2343,0,2070,1280,5693
4348,2337,0,2070,1245,5652
4317,2326,0,2088,1269,5683
4292,2345,0,2083,1280,5708
4349,2307,0,2102,1242,5651
4284,2317,0,2147,1252,5716
4310,2295,0,2175,1220,5690
4324,2284,0,2171,1221,5676
4335,2278,0,2198,1189,5665
4333,2272,0,2213,1182,5667
4337,2259,0,2201,1203,5663
4316,2280,0,2202,1202,5684
4315,2243,0,2217,1225,5685
4291,2237,0,2248,1224,5709
4301,2211,0,2270,1218,5699
4314,2190,0,2291,1205,5686
4300,2166,0,2300,1234,5700
4340,2142,0,2287,1231,5660
4290,2135,0,2309,1266,5710
4268,2120,0,2305,1307,5732
4328,2054,0,2297,1321,5672
4273,2052,0,2336,1339,5727
4240,2030,0,2376,1354,5760
4259,1995,0,2362,1384,5741
4290,1974,0,2368,1368,5710
4283,1946,0,2392,1379,5717
4310,1925,0,2356,1409,5690
4333,1900,0,2351,1416,5667
4320,1865,0,2354,1461,5680
4262,1897,0,2358,1483,5738
4325,1857,0,2316,1502,5675
4281,1852,0,2314,1553,5719
4314,1834,0,2261,1591,5686
4282,1816,0,2252,1650,5718
4260,1832,0,2221,1687,5740
4295,1820,0,2168,1717,5705
4297,1803,0,2142,1758,5703
4299,1800,0,2106,1795,5701
4296,1798,0,2063,1843,5704
4299,1796,0,2032,1873,5701
4348,1805,0,1964,1883,5652
4310,1840,0,1954,1896,5690
4290,1857,0,1969,1884,5710
4309,1856,0,1941,1894,5691
4248,1861,0,1953,1938,5752
4331,1846,0,1930,1893,5669
4250,1882,0,1907,1961,5750
4285,1868,0,1884,1963,5715
4288,1894,0,1840,1978,5712
4310,1882,0,1832,1976,5690
4308,1909,0,1801,1982,5692
4341,1942,0,1738,1979,5659
4317,1964,0,1735,1984,5683
4300,1984,0,1726,1990,5700
4306,1999,0,1716,1979,5694
4295,2042,0,1703,1960,5705
4283,2082,0,1687,1948,5717
4313,2062,0,1678,1947,5687
4324,2075,0,1663,1938,5676
4309,2071,0,1665,1955,5691
4282,2105,0,1628,1985,5718
4253,2124,0,1642,1981,5747
4322,2119,0,1595,1964,5678
4333,2132,0,1566,1969,5667
4344,2172,0,1561,1923,5656
4340,2177,0,1551,1932,5660
4327,2209,0,1532,1932,5673
4294,2240,0,1519,1947,5706
4290,2253,0,1517,1940,5710
4286,2292,0,1501,1921,5714
4307,2321,0,1490,1882,5693
4314,2312,0,1458,1916,5686
4339,2328,0,1445,1888,5661
4281,2390,0,1435,1894,5719
4360,2369,0,1431,1840,5640
4325,2414,0,1423,1838,5675
4280,2456,0,1425,1839,5720
4334,2438,0,1411,1817,5666
4287,2470,0,1445,1798,5713
4338,2454,0,1441,1767,5662
4307,2486,0,1446,1761,5693
4330,2490,0,1443,1737,5670
4383,2473,0,1449,1695,5617
4269,2535,0,1493,1703,5731
4315,2540,0,1481,1664,5685
4324,2553,0,1492,1631,5676
4316,2551,0,1513,1620,5684
4307,2563,0,1532,1598,5693
4302,2549,0,1554,1595,5698
4336,2560,0,1563,1541,5664
4323,2585,0,1576,1516,5677
4312,2582,0,1579,1527,5688
4348,2595,0,1594,1463,5652
4274,2608,0,1650,1468,5726
4329,2583,0,1642,1446,5671
4291,2622,0,1672,1415,5709
4312,2592,0,1669,1427,5688
4351,2564,0,1682,1403,5649
4297,2558,0,1721,1424,5703
4336,2527,0,1729,1408,5664
4310,2512,0,1777,1401,5690
4324,2484,0,1803,1389,5676
4344,2468,0,1798,1390,5656
4305,2423,0,1863,1409,5695
4324,2413,0,1866,1397,5676
4347,2374,0,1897,1382,5653
4349,2351,0,1913,1387,5651
4322,2352,0,1944,1382,5678
4348,2307,0,1960,1385,5652
4342,2299,0,1963,1396,5658
4284,2293,0,2014,1409,5716
4323,2254,0,2020,1403,5677
4319,2236,0,2035,1410,5681
4345,2209,0,2029,1417,5655
4288,2189,0,2080,1443,5712
4332,2134,0,2096,1438,5668
4312,2107,0,2146,1435,5688
4324,2053,0,2169,1454,5676
4352,2039,0,2159,1450,5648
4370,1994,0,2197,1439,5630
4364,1972,0,2212,1452,5636
4313,1960,0,2244,1483,5687
4370,1926,0,2224,1480,5630
4373,1912,0,2216,1499,5627
4318,1916,0,2224,1542,5682
4320,1893,0,2256,1531,5680
4314,1903,0,2248,1535,5686
4341,1879,0,2235,1545,5659
4346,1871,0,2218,1565,5654
4295,1889,0,2222,1594,5705
4312,1850,0,2224,1614,5688
4320,1876,0,2197,1607,5680
4309,1872,0,2195,1624,5691
4326,1868,0,2160,1646,5674
4248,1881,0,2196,1675,5752
4304,1870,0,2167,1659,5696
4318,1855,0,2197,1630,5682
4267,1898,0,2207,1628,5733
4297,1886,0,2196,1621,5703
4296,1871,0,2223,1610,5704
4313,1854,0,2233,1600,5687
4344,1848,0,2213,1595,5656
4307,1877,0,2215,1601,5693
4345,1865,0,2205,1585,5655
4322,1857,0,2250,1571,5678
4281,1859,0,2249,1611,5719
4335,1838,0,2225,1602,5665
4318,1837,0,2231,1614,5682
4324,1856,0,2186,1634,5676
4339,1837,0,2204,1620,5661
4344,1839,0,2178,1639,5656
4295,1860,0,2173,1672,5705
4314,1853,0,2164,1669,5686
4340,1829,0,2154,1677,5660
4305,1822,0,2145,1728,5695
4302,1821,0,2138,1739,5698
4329,1808,0,2115,1748,5671
4324,1787,0,2146,1743,5676
4314,1812,0,2128,1746,5686
4330,1797,0,2121,1752,5670
4351,1805,0,2074,1770,5649
4331,1815,0,2097,1757,5669
4327,1795,0,2105,1773,5673
4318,1803,0,2078,1801,5682
4336,1801,0,2052,1811,5664
4307,1811,0,2036,1846,5693
4358,1789,0,2011,1842,5642
4302,1813,0,2017,1868,5698
4348,1775,0,2024,1853,5652
4328,1779,0,1993,1900,5672
4360,1762,0,1970,1908,5640
4285,1782,0,1996,1937,5715
4322,1736,0,1971,1971,5678
4318,1741,0,1968,1973,5682
4316,1732,0,1959,1993,5684
4325,1730,0,1958,1987,5675
4355,1716,0,1960,1969,5645
4314,1711,0,1976,1999,5686
4346,1691,0,1976,1987,5654
4356,1672,0,1969,2003,5644
4337,1670,0,1954,2039,5663
4288,1679,0,1995,2038,5712
4353,1648,0,1962,2037,5647
4317,1635,0,1983,2065,5683
4375,1622,0,1961,2042,5625
4350,1620,0,1972,2058,5650
4279,1614,0,2003,2104,5721
4334,1598,0,2003,2065,5666
4285,1585,0,2013,2117,5715
4347,1566,0,2007,2080,5653
4293,1587,0,2027,2093,5707
4363,1563,0,2022,2052,5637
4327,1592,0,2035,2046,5673
4374,1564,0,2037,2025,5626
4362,1572,0,2047,2019,5638
4366,1562,0,2056,2016,5634
4330,1571,0,2091,2008,5670
4332,1566,0,2113,1989,5668
4365,1554,0,2091,1990,5635
4384,1536,0,2103,1977,5616
4323,1563,0,2152,1962,5677
4375,1530,0,2130,1965,5625
4329,1549,0,2135,1987,5671
4356,1562,0,2108,1974,5644
4368,1555,0,2122,1955,5632
4325,1574,0,2139,1962,5675
4312,1572,0,2137,1979,5688
4308,1586,0,2127,1979,5692
4334,1589,0,2104,1973,5666
4345,1598,0,2104,1953,5655
4347,1595,0,2111,1947,5653
4378,1576,0,2098,1948,5622
4355,1584,0,2119,1942,5645
4355,1596,0,2110,1939,5645
4361,1603,0,2111,1925,5639
4397,1599,0,2091,1913,5603
4387,1619,0,2081,1913,5613
4341,1631,0,2085,1943,5659
4345,1616,0,2093,1946,5655
4294,1605,0,2111,1990,5706
4336,1582,0,2107,1975,5664
4331,1577,0,2099,1993,5669
4288,1592,0,2091,2029,5712
4335,1572,0,2086,2007,5665
4301,1573,0,2105,2021,5699
4314,1584,0,2085,2017,5686
4325,1590,0,2074,2011,5675
4303,1608,0,2071,2018,5697
4296,1618,0,2061,2025,5704
4354,1602,0,2044,2000,5646
4338,1637,0,2019,2006,5662
4336,1643,0,2018,2003,5664
4349,1663,0,1973,2015,5651
4334,1703,0,1959,2004,5666
4346,1689,0,1948,2017,5654
4329,1715,0,1923,2033,5671
4358,1722,0,1901,2019,5642
4391,1739,0,1877,1993,5609
4384,1735,0,1899,1982,5616
4347,1776,0,1882,1995,5653
4390,1773,0,1855,1982,5610
4335,1796,0,1866,2003,5665
4303,1815,0,1883,1999,5697
4354,1826,0,1854,1966,5646
4344,1844,0,1835,1977,5656
4352,1818,0,1845,1985,5648
4344,1842,0,1829,1985,5656
4336,1871,0,1822,1971,5664
4349,1885,0,1813,1953,5651
4296,1900,0,1832,1972,5704
4276,1906,0,1849,1969,5724
4334,1906,0,1801,1959,5666
4331,1949,0,1792,1928,5669
4347,1933,0,1806,1914,5653
4325,1944,0,1820,1911,5675
4314,1951,0,1797,1938,5686
4340,1974,0,1790,1896,5660
4313,1997,0,1794,1896,5687
4334,2002,0,1790,1874,5666
4345,2031,0,1787,1837,5655
4298,2056,0,1826,1820,5702
4278,2099,0,1841,1782,5722
4302,2063,0,1863,1772,5698
4303,2074,0,1869,1754,5697
4266,2066,0,1912,1756,5734
4264,2072,0,1941,1723,5736
4276,2052,0,1948,1724,5724
4296,2046,0,1958,1700,5704
4280,2040,0,1999,1681,5720
4304,2026,0,2017,1653,5696
4308,1996,0,2057,1639,5692
4301,2006,0,2057,1636,5699
4265,2001,0,2076,1658,5735
4315,1978,0,2065,1642,5685
4308,1953,0,2112,1627,5692
4309,1936,0,2137,1618,5691
4304,1918,0,2159,1619,5696
4332,1896,0,2155,1617,5668
4371,1861,0,2171,1597,5629
4290,1867,0,2218,1625,5710
4278,1841,0,2242,1639,5722
4355,1787,0,2218,1640,5645
4332,1765,0,2256,1647,5668
4330,1739,0,2291,1640,5670
4331,1709,0,2300,1660,5669
4279,1689,0,2347,1685,5721
4304,1666,0,2348,1682,5696
4315,1645,0,2354,1686,5685
4328,1613,0,2355,1704,5672
4308,1602,0,2367,1723,5692
4331,1592,0,2374,1703,5669
4304,1588,0,2375,1733,5696
4366,1550,0,2343,1741,5634
4296,1564,0,2329,1811,5704
4317,1539,0,2311,1833,5683
4290,1553,0,2319,1838,5710
4333,1518,0,2285,1864,5667
4341,1494,0,2263,1902,5659
4359,1490,0,2243,1908,5641
4314,1519,0,2233,1934,5686
4328,1521,0,2211,1940,5672
4346,1481,0,2217,1956,5654
4359,1461,0,2184,1996,5641
4368,1463,0,2172,1997,5632
4344,1444,0,2192,2020,5656
4371,1456,0,2172,2001,5629
4308,1457,0,2175,2060,5692
4377,1438,0,2147,2038,5623
4328,1467,0,2160,2045,5672
4388,1465,0,2139,2008,5612
4368,1447,0,2163,2022,5632
4346,1456,0,2147,2051,5654
4364,1438,0,2133,2065,5636
4329,1441,0,2155,2075,5671
4354,1396,0,2159,2091,5646
4311,1423,0,2167,2099,5689
4290,1405,0,2157,2148,5710
4338,1399,0,2135,2128,5662
4320,1413,0,2123,2144,5680
4311,1387,0,2138,2164,5689
4356,1368,0,2129,2147,5644
4319,1381,0,2118,2182,5681
4315,1396,0,2110,2179,5685
4315,1378,0,2119,2188,5685
4262,1380,0,2128,2230,5738
4301,1385,0,2081,2233,5699
4314,1384,0,2058,2244,5686
4289,1412,0,2040,2259,5711
4282,1389,0,2028,2301,5718
4290,1419,0,1994,2297,5710
4285,1409,0,1977,2329,5715
4250,1452,0,1945,2353,5750
4257,1428,0,1973,2342,5743
4315,1432,0,1907,2346,5685
4329,1440,0,1875,2356,5671
4276,1475,0,1875,2374,5724
4262,1505,0,1854,2379,5738
4319,1501,0,1815,2365,5681
4262,1554,0,1813,2371,5738
4325,1544,0,1781,2350,5675
4272,1558,0,1805,2365,5728
4233,1594,0,1790,2383,5767
4268,1599,0,1743,2390,5732
4297,1615,0,1704,2384,5703
4267,1636,0,1709,2388,5733
4280,1641,0,1676,2403,5720
4272,1668,0,1653,2407,5728
4254,1671,0,1648,2427,5746
4272,1667,0,1632,2429,5728
4310,1650,0,1622,2418,5690
4285,1671,0,1615,2429,5715
4293,1705,0,1598,2404,5707
4286,1732,0,1563,2419,5714
4318,1746,0,1543,2393,5682
4256,1780,0,1569,2395,5744
4283,1779,0,1569,2369,5717
4255,1819,0,1578,2348,5745
4378,1776,0,1556,2290,5622
4311,1813,0,1575,2301,5689
4327,1819,0,1551,2303,5673
4312,1810,0,1594,2284,5688
4322,1833,0,1589,2256,5678
4262,1860,0,1615,2263,5738
4263,1886,0,1635,2216,5737
4325,1867,0,1595,2213,5675
4296,1892,0,1595,2217,5704
4300,1912,0,1588,2200,5700
4265,1930,0,1603,2202,5735
4377,1916,0,1587,2120,5623
4282,1936,0,1639,2143,5718
4301,1955,0,1621,2123,5699
4309,1973,0,1623,2095,5691
4275,2012,0,1630,2083,5725
4339,1978,0,1639,2044,5661
4317,2002,0,1637,2044,5683
4297,2014,0,1661,2028,5703
4313,2006,0,1651,2030,5687
4331,2010,0,1634,2025,5669
4360,1996,0,1635,2009,5640
4310,2039,0,1644,2007,5690
4322,2033,0,1667,1978,5678
4335,2024,0,1663,1978,5665
4376,2014,0,1657,1953,5624
4361,2020,0,1667,1952,5639
4338,2032,0,1678,1952,5662
4378,2029,0,1654,1939,5622
4362,2054,0,1653,1931,5638
4337,2060,0,1671,1932,5663
4364,2057,0,1667,1912,5636
4372,2038,0,1677,1913,5628
4336,2040,0,1699,1925,5664
4352,2040,0,1700,1908,5648
4328,2032,0,1730,1910,5672
4362,2013,0,1720,1905,5638
4342,2031,0,1740,1887,5658
4350,2014,0,1743,1893,5650
4356,1976,0,1776,1892,5644
4304,1993,0,1802,1901,5696
4338,1943,0,1811,1908,5662
4331,1944,0,1814,1911,5669
4300,1949,0,1816,1935,5700
4315,1939,0,1802,1944,5685
4348,1910,0,1775,1967,5652
4355,1923,0,1777,1945,5645
4316,1910,0,1794,1980,5684
4323,1896,0,1795,1986,5677
4340,1907,0,1788,1965,5660
4317,1880,0,1806,1997,5683
4302,1886,0,1810,2002,5698
4292,1886,0,1840,1982,5708
4338,1839,0,1837,1986,5662
4313,1825,0,1851,2011,5687
4292,1805,0,1882,2021,5708
4296,1790,0,1897,2017,5704
4281,1799,0,1893,2027,5719
4348,1774,0,1877,2001,5652
4328,1767,0,1897,2008,5672
4319,1743,0,1899,2039,5681
4276,1771,0,1909,2044,5724
4331,1730,0,1886,2053,5669
4318,1733,0,1884,2065,5682
4386,1705,0,1873,2036,5614
4335,1699,0,1876,2090,5665
4325,1682,0,1902,2091,5675
4346,1673,0,1877,2104,5654
4354,1639,0,1851,2156,5646
4313,1668,0,1863,2156,5687
4322,1647,0,1852,2179,5678
4357,1638,0,1828,2177,5643
4351,1625,0,1830,2194,5649
4361,1623,0,1809,2207,5639
4336,1625,0,1793,2246,5664
4319,1617,0,1794,2270,5681
4323,1633,0,1759,2285,5677
4327,1631,0,1739,2303,5673
4282,1673,0,1717,2328,5718
4294,1675,0,1681,2350,5706
4289,1657,0,1672,2382,5711
4288,1673,0,1638,2401,5712
4300,1676,0,1612,2412,5700
4332,1657,0,1586,2425,5668
4254,1688,0,1578,2480,5746
4293,1691,0,1573,2443,5707
4288,1692,0,1556,2464,5712
4303,1699,0,1536,2462,5697
4354,1696,0,1507,2443,5646
4278,1723,0,1526,2473,5722
4341,1719,0,1485,2455,5659
4301,1717,0,1477,2505,5699
4324,1720,0,1453,2503,5676
4346,1719,0,1445,2490,5654
4330,1755,0,1438,2477,5670
4315,1770,0,1429,2486,5685
4340,1760,0,1405,2495,5660
4308,1790,0,1399,2503,5692
4341,1788,0,1390,2481,5659
4314,1809,0,1396,2481,5686
4335,1818,0,1385,2462,5665
4353,1815,0,1373,2459,5647
4337,1827,0,1375,2461,5663
4361,1829,0,1387,2423,5639
4359,1828,0,1401,2412,5641
4353,1845,0,1416,2386,5647
4290,1864,0,1432,2414,5710
4307,1849,0,1437,2407,5693
4311,1852,0,1413,2424,5689
4286,1888,0,1403,2423,5714
4343,1850,0,1387,2420,5657
4316,1874,0,1420,2390,5684
4342,1910,0,1395,2353,5658
4316,1917,0,1414,2353,5684
4340,1904,0,1437,2319,5660
4305,1913,0,1451,2331,5695
4325,1923,0,1444,2308,5675
4323,1922,0,1482,2273,5677
4360,1920,0,1459,2261,5640
4307,1950,0,1479,2264,5693
4246,1977,0,1527,2250,5754
4337,1939,0,1490,2234,5663
4334,1949,0,1507,2210,5666
4284,1944,0,1560,2212,5716
4337,1937,0,1560,2166,5663
4315,1952,0,1592,2141,5685
4269,1953,0,1635,2143,5731
4297,1953,0,1646,2104,5703
4291,1987,0,1639,2083,5709
4316,1962,0,1650,2072,5684
4319,1995,0,1660,2026,5681
4282,2008,0,1697,2013,5718
4287,2005,0,1693,2015,5713
4309,1993,0,1712,1986,5691
4260,2010,0,1741,1989,5740
4296,1980,0,1721,2003,5704
4283,1982,0,1732,2003,5717
4291,1972,0,1747,1990,5709
4257,1990,0,1764,1989,5743
4293,1950,0,1768,1989,5707
4274,2001,0,1759,1966,5726
4286,2010,0,1752,1952,5714
4299,1987,0,1742,1972,5701
4285,2023,0,1738,1954,5715
4304,2060,0,1709,1927,5696
4261,2096,0,1720,1923,5739
4263,2108,0,1726,1903,5737
4249,2110,0,1731,1910,5751
4337,2069,0,1716,1878,5663
4280,2082,0,1760,1878,5720
4287,2092,0,1778,1843,5713
4286,2111,0,1772,1831,5714
4319,2101,0,1775,1805,5681
4294,2141,0,1778,1787,5706
4259,2185,0,1771,1785,5741
4279,2186,0,1778,1757,5721
4286,2189,0,1770,1755,5714
4290,2199,0,1780,1731,5710
4283,2208,0,1776,1733,5717
4279,2216,0,1776,1729,5721
4269,2220,0,1776,1735,5731
4285,2257,0,1762,1696,5715
4300,2256,0,1782,1662,5700
4288,2262,0,1804,1646,5712
4288,2246,0,1831,1635,5712
4353,2226,0,1836,1585,5647
4312,2234,0,1863,1591,5688
4325,2213,0,1886,1576,5675
4260,2235,0,1924,1581,5740
4302,2202,0,1942,1554,5698
4236,2223,0,1987,1554,5764
4287,2195,0,1980,1538,5713
4305,2200,0,1981,1514,5695
4353,2158,0,1990,1499,5647
4269,2170,0,2053,1508,5731
4311,2132,0,2061,1496,5689
4263,2128,0,2096,1513,5737
4316,2075,0,2102,1507,5684
4295,2053,0,2142,1510,5705
4322,2010,0,2147,1521,5678
4267,2029,0,2182,1522,5733
4315,1972,0,2191,1522,5685
4300,1954,0,2189,1557,5700
4274,1922,0,2223,1581,5726
4313,1926,0,2208,1553,5687
4302,1905,0,2221,1572,5698
4329,1868,0,2252,1551,5671
4290,1901,0,2237,1572,5710
4311,1875,0,2248,1566,5689
4252,1890,0,2298,1560,5748
4310,1866,0,2283,1541,5690
4239,1871,0,2324,1566,5761
4305,1868,0,2316,1511,5695
4278,1889,0,2332,1501,5722
4314,1883,0,2339,1464,5686
4291,1873,0,2371,1465,5709
4292,1860,0,2379,1469,5708
4284,1872,0,2381,1463,5716
4295,1860,0,2389,1456,5705
4336,1824,0,2385,1455,5664
4306,1831,0,2411,1452,5694
4267,1836,0,2436,1461,5733
4327,1802,0,2432,1439,5673
4284,1795,0,2455,1466,5716
4270,1799,0,2447,1484,5730
4309,1747,0,2454,1490,5691
4299,1733,0,2477,1491,5701
4301,1721,0,2484,1494,5699
4289,1701,0,2495,1515,5711
4272,1702,0,2510,1516,5728
4339,1670,0,2477,1514,5661
4298,1671,0,2472,1559,5702
4351,1625,0,2451,1573,5649
4291,1666,0,2459,1584,5709
4288,1634,0,2439,1639,5712
4291,1649,0,2403,1657,5709
4315,1618,0,2407,1660,5685
4281,1614,0,2429,1676,5719
4295,1611,0,2398,1696,5705
4296,1578,0,2399,1727,5704
4296,1570,0,2406,1728,5704
4289,1543,0,2420,1748,5711
4265,1530,0,2417,1788,5735
4302,1508,0,2383,1807,5698
4272,1516,0,2377,1835,5728
4283,1501,0,2351,1865,5717
4278,1493,0,2335,1894,5722
4278,1491,0,2307,1924,5722
4315,1455,0,2299,1931,5685
4305,1476,0,2277,1942,5695
4333,1471,0,2229,1967,5667
4297,1473,0,2217,2013,5703
4274,1511,0,2193,2022,5726
4285,1533,0,2151,2031,5715
4245,1539,0,2128,2088,5755
4303,1545,0,2083,2069,5697
4298,1546,0,2041,2115,5702
4318,1527,0,2012,2143,5682
4282,1582,0,1966,2170,5718
4273,1577,0,1953,2197,5727
4287,1593,0,1908,2212,5713
4286,1611,0,1885,2218,5714
4312,1611,0,1837,2240,5688
4252,1651,0,1831,2266,5748
4298,1657,0,1797,2248,5702
4314,1639,0,1785,2262,5686
4291,1673,0,1758,2278,5709
4249,1694,0,1778,2279,5751
4363,1693,0,1698,2246,5637
4317,1749,0,1674,2260,5683
4324,1731,0,1679,2266,5676
4300,1761,0,1655,2284,5700
4301,1781,0,1639,2279,5699
4285,1777,0,1642,2296,5715
4302,1780,0,1631,2287,5698
4264,1814,0,1615,2307,5736
4247,1824,0,1627,2302,5753
4215,1856,0,1604,2325,5785
4278,1861,0,1557,2304,5722
4326,1875,0,1552,2247,5674
4267,1907,0,1541,2285,5733
4251,1932,0,1543,2274,5749
4260,1924,0,1535,2281,5740
4310,1934,0,1497,2259,5690
4278,1958,0,1519,2245,5722
4302,1965,0,1524,2209,5698
4284,1963,0,1540,2213,5716
4303,1976,0,1521,2200,5697
4273,2034,0,1527,2166,5727
4309,2055,0,1502,2134,5691
4313,2068,0,1520,2099,5687
4337,2088,0,1519,2056,5663
4258,2120,0,1546,2076,5742
4329,2135,0,1518,2018,5671
4293,2177,0,1523,2007,5707
4317,2184,0,1525,1974,5683
4267,2216,0,1537,1980,5733
4299,2253,0,1503,1945,5701
4277,2267,0,1532,1924,5723
4302,2293,0,1509,1896,5698
4307,2322,0,1526,1845,5693
4288,2357,0,1520,1835,5712
4290,2407,0,1488,1815,5710
4283,2425,0,1500,1792,5717
4283,2451,0,1495,1771,5717
4300,2497,0,1510,1693,5700
4281,2560,0,1520,1639,5719
4281,2573,0,1537,1609,5719
4296,2557,0,1571,1576,5704
4276,2609,0,1571,1544,5724
4329,2590,0,1569,1512,5671
4307,2607,0,1603,1483,5693
4272,2624,0,1649,1455,5728
4310,2591,0,1664,1435,5690
4319,2581,0,1692,1408,5681
4245,2632,0,1728,1395,5755
4310,2574,0,1745,1371,5690
4273,2568,0,1803,1356,5727
4292,2556,0,1821,1331,5708
4303,2520,0,1864,1313,5697
4313,2487,0,1898,1302,5687
4317,2456,0,1917,1310,5683
4292,2452,0,1958,1298,5708
4361,2389,0,1960,1290,5639
4307,2403,0,2000,1290,5693
4249,2415,0,2018,1318,5751
4323,2372,0,1986,1319,5677
4312,2341,0,2030,1317,5688
4303,2338,0,2066,1293,5697
4310,2299,0,2085,1306,5690
4276,2273,0,2119,1332,5724
4246,2231,0,2170,1353,5754
4256,2193,0,2199,1352,5744
4306,2125,0,2210,1359,5694
4298,2082,0,2229,1391,5702
4260,2079,0,2254,1407,5740
4262,2037,0,2302,1399,5738
4272,1995,0,2306,1427,5728
4268,1953,0,2330,1449,5732
4312,1905,0,2329,1454,5688
4291,1894,0,2333,1482,5709
4280,1861,0,2350,1509,5720
4305,1809,0,2366,1520,5695
4234,1805,0,2411,1550,5766
4306,1740,0,2403,1551,5694
4293,1727,0,2401,1579,5707
4271,1724,0,2403,1602,5729
4266,1703,0,2427,1604,5734
4282,1641,0,2444,1633,5718
4228,1659,0,2445,1668,5772
4268,1597,0,2446,1689,5732
4330,1555,0,2428,1687,5670
4270,1543,0,2468,1719,5730
4290,1550,0,2453,1707,5710
4268,1556,0,2474,1702,5732
4309,1503,0,2476,1712,5691
4281,1496,0,2502,1721,5719
4266,1472,0,2517,1745,5734
4282,1456,0,2495,1767,5718
4309,1450,0,2501,1740,5691
4282,1441,0,2509,1768,5718
4313,1409,0,2492,1786,5687
4261,1406,0,2495,1838,5739
4274,1403,0,2499,1824,5726
4310,1374,0,2465,1851,5690
4294,1368,0,2445,1893,5706
4244,1410,0,2416,1930,5756
4316,1370,0,2388,1926,5684
4294,1401,0,2365,1940,5706
4260,1418,0,2344,1978,5740
4300,1399,0,2324,1977,5700
4313,1414,0,2273,2000,5687
4306,1429,0,2241,2024,5694
4270,1436,0,2237,2057,5730
4289,1442,0,2207,2062,5711
4246,1456,0,2193,2105,5754
4338,1423,0,2128,2111,5662
4269,1448,0,2126,2157,5731
4305,1433,0,2089,2173,5695
4359,1437,0,2046,2158,5641
4342,1437,0,2045,2176,5658
4300,1464,0,2009,2227,5700
4307,1491,0,2001,2201,5693
4300,1490,0,1980,2230,5700
4351,1496,0,1955,2198,5649
4309,1528,0,1951,2212,5691
4263,1563,0,1942,2232,5737
4309,1538,0,1929,2224,5691
4335,1566,0,1903,2196,5665
4351,1584,0,1864,2201,5649
4300,1599,0,1874,2227,5700
4300,1609,0,1879,2212,5700
4280,1639,0,1866,2215,5720
4303,1622,0,1849,2226,5697
4297,1638,0,1840,2225,5703
4350,1623,0,1793,2234,5650
4361,1632,0,1793,2214,5639
4316,1653,0,1800,2231,5684
4300,1657,0,1807,2236,5700
4320,1660,0,1791,2229,5680
4331,1657,0,1798,2214,5669
4316,1689,0,1809,2186,5684
4310,1716,0,1786,2188,5690
4296,1739,0,1786,2179,5704
4293,1734,0,1809,2164,5707
4279,1766,0,1787,2168,5721
4316,1792,0,1750,2142,5684
4338,1787,0,1779,2096,5662
4333,1809,0,1757,2101,5667
4305,1834,0,1775,2086,5695
4297,1867,0,1756,2080,5703
4261,1896,0,1759,2084,5739
4269,1906,0,1750,2075,5731
4276,1878,0,1745,2101,5724
4285,1883,0,1743,2089,5715
4267,1927,0,1727,2079,5733
4277,1934,0,1738,2051,5723
4288,1948,0,1731,2033,5712
4330,1958,0,1706,2006,5670
4267,1997,0,1734,2002,5733
4285,2039,0,1711,1965,5715
4300,2048,0,1719,1933,5700
4261,2072,0,1742,1925,5739
4295,2083,0,1719,1903,5705
4279,2095,0,1729,1897,5721
4326,2125,0,1733,1816,5674
4249,2169,0,1746,1836,5751
4277,2193,0,1717,1813,5723
4272,2175,0,1746,1807,5728
4277,2190,0,1718,1815,5723
4222,2235,0,1750,1793,5778
4244,2229,0,1751,1776,5756
4264,2190,0,1758,1788,5736
4282,2185,0,1764,1769,5718
4218,2211,0,1773,1798,5782
4283,2187,0,1742,1788,5717
4274,2170,0,1752,1804,5726
4260,2181,0,1745,1814,5740
4258,2189,0,1740,1813,5742
4271,2173,0,1742,1814,5729
4250,2205,0,1749,1796,5750
4291,2190,0,1714,1805,5709
4232,2203,0,1750,1815,5768
4269,2198,0,1742,1791,5731
4272,2204,0,1750,1774,5728
4251,2181,0,1791,1777,5749
4288,2157,0,1813,1742,5712
4312,2168,0,1796,1724,5688
4250,2164,0,1845,1741,5750
4261,2144,0,1880,1715,5739
4281,2130,0,1877,1712,5719
4284,2087,0,1926,1703,5716
4284,2096,0,1957,1663,5716
4291,2086,0,1963,1660,5709
4280,2077,0,1967,1676,5720
4299,2067,0,1977,1657,5701
4276,2064,0,2052,1608,5724
4322,2028,0,2065,1585,5678
4263,2058,0,2091,1588,5737
4286,2043,0,2101,1570,5714
4288,2039,0,2102,1571,5712
4229,2055,0,2122,1594,5771
4285,2015,0,2138,1562,5715
4275,2023,0,2158,1544,5725
4266,2013,0,2194,1527,5734
4270,2032,0,2186,1512,5730
4271,2021,0,2197,1511,5729
4302,2020,0,2192,1486,5698
4206,2034,0,2249,1511,5794
4274,2011,0,2194,1521,5726
4226,2036,0,2221,1517,5774
4304,2004,0,2192,1500,5696
4306,1988,0,2210,1496,5694
4267,1995,0,2232,1506,5733
4317,1969,0,2215,1499,5683
4256,1979,0,2214,1551,5744
4280,1966,0,2191,1563,5720
4297,1954,0,2183,1566,5703
4321,1935,0,2167,1577,5679
4320,1917,0,2174,1589,5680
4302,1910,0,2180,1608,5698
4273,1896,0,2187,1644,5727
4309,1887,0,2157,1647,5691
4333,1875,0,2154,1638,5667
4301,1858,0,2161,1680,5699
4284,1845,0,2164,1707,5716
4309,1818,0,2140,1733,5691
4287,1840,0,2113,1760,5713
4289,1798,0,2128,1785,5711
4270,1806,0,2111,1813,5730
4261,1815,0,2074,1850,5739
4249,1804,0,2065,1882,5751
4229,1797,0,2069,1905,5771
4305,1790,0,2007,1898,5695
4317,1780,0,1998,1905,5683
4277,1771,0,2019,1933,5723
4286,1753,0,2029,1932,5714
4265,1766,0,2016,1953,5735
4250,1721,0,2024,2005,5750
4305,1699,0,2002,1994,5695
4264,1699,0,2010,2027,5736
4312,1651,0,2002,2035,5688
4281,1695,0,1964,2060,5719
4298,1681,0,1945,2076,5702
4318,1660,0,1918,2104,5682
4309,1668,0,1903,2120,5691
4308,1649,0,1920,2123,5692
4314,1665,0,1910,2111,5686
4312,1665,0,1891,2132,5688
4311,1650,0,1906,2133,5689
4287,1636,0,1929,2148,5713
4304,1645,0,1887,2164,5696
4309,1657,0,1904,2130,5691
4331,1664,0,1879,2126,5669
4303,1655,0,1890,2152,5697
4338,1685,0,1849,2128,5662
4331,1680,0,1860,2129,5669
4352,1691,0,1863,2094,5648
4296,1700,0,1893,2111,5704
4347,1707,0,1868,2078,5653
4282,1738,0,1896,2084,5718
4309,1755,0,1876,2060,5691
4342,1716,0,1862,2080,5658
4331,1714,0,1897,2058,5669
4336,1709,0,1900,2055,5664
4335,1713,0,1893,2059,5665
4324,1719,0,1879,2078,5676
4349,1714,0,1865,2072,5651
4326,1739,0,1875,2060,5674
4314,1740,0,1882,2064,5686
4287,1774,0,1887,2052,5713
4347,1756,0,1874,2023,5653
4323,1776,0,1862,2039,5677
4273,1794,0,1869,2064,5727
4333,1782,0,1830,2055,5667
4326,1794,0,1818,2062,5674
4283,1807,0,1828,2082,5717
4244,1818,0,1838,2100,5756
4331,1802,0,1787,2080,5669
4314,1785,0,1795,2106,5686
4339,1800,0,1755,2106,5661
4258,1814,0,1775,2153,5742
4319,1805,0,1746,2130,5681
4274,1823,0,1769,2134,5726
4292,1814,0,1758,2136,5708
4294,1804,0,1789,2113,5706
4324,1782,0,1755,2139,5676
4365,1765,0,1750,2120,5635
4327,1780,0,1756,2137,5673
4297,1780,0,1777,2146,5703
4281,1786,0,1774,2159,5719
4297,1757,0,1771,2175,5703
4257,1749,0,1807,2187,5743
4324,1712,0,1789,2175,5676
4261,1708,0,1826,2205,5739
4326,1698,0,1796,2180,5674
4259,1715,0,1819,2207,5741
4305,1695,0,1816,2184,5695
4331,1684,0,1796,2189,5669
4312,1671,0,1819,2198,5688
4314,1655,0,1836,2195,5686
4327,1672,0,1819,2182,5673
4355,1631,0,1864,2150,5645
4328,1632,0,1872,2168,5672
4344,1617,0,1872,2167,5656
4292,1608,0,1918,2182,5708
4335,1588,0,1890,2187,5665
4319,1595,0,1895,2191,5681
4371,1554,0,1872,2203,5629
4342,1565,0,1871,2222,5658
4310,1568,0,1890,2232,5690
4315,1563,0,1875,2247,5685
4361,1545,0,1852,2242,5639
4368,1545,0,1853,2234,5632
4316,1559,0,1865,2260,5684
4289,1546,0,1877,2288,5711
4362,1527,0,1853,2258,5638
4336,1529,0,1829,2306,5664
4355,1512,0,1790,2343,5645
4323,1516,0,1802,2359,5677
4344,1506,0,1757,2393,5656
4361,1480,0,1768,2391,5639
4346,1479,0,1739,2436,5654
4338,1470,0,1721,2471,5662
4327,1488,0,1685,2500,5673
4316,1508,0,1657,2519,5684
4301,1515,0,1659,2525,5699
4344,1517,0,1630,2509,5656
4308,1562,0,1612,2518,5692
4325,1562,0,1582,2531,5675
4248,1619,0,1583,2550,5752
4323,1630,0,1554,2493,5677
4340,1643,0,1530,2487,5660
4303,1666,0,1529,2502,5697
4299,1689,0,1502,2510,5701
4335,1704,0,1485,2476,5665
4339,1710,0,1490,2461,5661
4284,1747,0,1509,2460,5716
4355,1769,0,1483,2393,5645
4326,1797,0,1500,2377,5674
4324,1849,0,1475,2352,5676
4280,1880,0,1479,2361,5720
4238,1924,0,1476,2362,5762
4327,1928,0,1428,2317,5673
4357,1941,0,1411,2291,5643
4337,1985,0,1426,2252,5663
4336,2025,0,1421,2218,5664
4295,2073,0,1417,2215,5705
4332,2083,0,1395,2190,5668
4329,2111,0,1412,2148,5671
4255,2160,0,1434,2151,5745
4313,2168,0,1410,2109,5687
4330,2184,0,1417,2069,5670
4343,2220,0,1392,2045,5657
4292,2275,0,1422,2011,5708
4289,2262,0,1447,2002,5711
4308,2283,0,1450,1959,5692
4314,2307,0,1449,1930,5686
4272,2364,0,1454,1910,5728
4251,2397,0,1459,1893,5749
4261,2413,0,1480,1846,5739
4256,2429,0,1485,1830,5744
4286,2431,0,1477,1806,5714
4256,2473,0,1501,1770,5744
4236,2513,0,1505,1746,5764
4279,2491,0,1515,1715,5721
4242,2525,0,1529,1704,5758
4270,2539,0,1531,1660,5730
4260,2544,0,1547,1649,5740
4312,2510,0,1555,1623,5688
4306,2514,0,1572,1608,5694
4306,2517,0,1573,1604,5694
4304,2511,0,1590,1595,5696
4261,2522,0,1620,1597,5739
4281,2525,0,1640,1554,5719
4292,2508,0,1637,1563,5708
4289,2503,0,1667,1541,5711
4297,2470,0,1693,1540,5703
4279,2456,0,1713,1552,5721
4317,2431,0,1723,1529,5683
4324,2418,0,1712,1546,5676
4319,2377,0,1760,1544,5681
4279,2375,0,1789,1557,5721
4248,2343,0,1821,1588,5752
4293,2298,0,1810,1599,5707
4284,2269,0,1811,1636,5716
4332,2223,0,1828,1617,5668
4305,2193,0,1866,1636,5695
4318,2164,0,1861,1657,5682
4320,2134,0,1895,1651,5680
4322,2083,0,1921,1674,5678
4308,2047,0,1963,1682,5692
4258,2015,0,2012,1715,5742
4304,1973,0,2004,1719,5696
4349,1936,0,2014,1701,5651
4303,1925,0,2043,1729,5697
4287,1894,0,2084,1735,5713
4304,1852,0,2093,1751,5696
4332,1814,0,2102,1752,5668
4274,1812,0,2141,1773,5726
4336,1776,0,2143,1745,5664
4281,1765,0,2169,1785,5719
4313,1711,0,2164,1812,5687
4311,1694,0,2180,1815,5689
4306,1657,0,2203,1834,5694
4319,1631,0,2198,1852,5681
4264,1660,0,2202,1874,5736
4333,1605,0,2186,1876,5667
4324,1572,0,2197,1907,5676
4306,1586,0,2197,1911,5694
4277,1561,0,2212,1950,5723
4304,1514,0,2209,1973,5696
4294,1481,0,2213,2012,5706
4305,1484,0,2185,2026,5695
4304,1466,0,2180,2050,5696
4296,1466,0,2177,2061,5704
4286,1473,0,2156,2085,5714
4321,1462,0,2121,2096,5679
4331,1462,0,2108,2099,5669
4295,1445,0,2102,2158,5705
4284,1471,0,2082,2163,5716
4270,1502,0,2046,2182,5730
4242,1507,0,2061,2190,5758
4277,1503,0,2030,2190,5723
4287,1512,0,2029,2172,5713
4306,1540,0,1966,2188,5694
4220,1603,0,1985,2192,5780
4271,1597,0,1966,2166,5729
4279,1607,0,1952,2162,5721
4306,1614,0,1930,2150,5694
4290,1642,0,1924,2144,5710
4264,1677,0,1909,2150,5736
4297,1679,0,1905,2119,5703
4283,1699,0,1907,2111,5717
4290,1739,0,1893,2078,5710
4297,1779,0,1840,2084,5703
4273,1817,0,1837,2073,5727
4283,1864,0,1811,2042,5717
4346,1868,0,1781,2005,5654
4332,1888,0,1784,1996,5668
4324,1909,0,1769,1998,5676
4276,1945,0,1762,2017,5724
4279,1984,0,1736,2001,5721
4307,1999,0,1712,1982,5693
4260,2051,0,1724,1965,5740
4272,2104,0,1690,1934,5728
4318,2110,0,1664,1908,5682
4261,2134,0,1694,1911,5739
4248,2190,0,1691,1871,5752
4250,2213,0,1684,1853,5750
4311,2214,0,1663,1812,5689
4330,2227,0,1647,1796,5670
4286,2248,0,1668,1798,5714
4316,2239,0,1671,1774,5684
4291,2283,0,1661,1765,5709
4326,2251,0,1654,1769,5674
4316,2260,0,1672,1752,5684
4320,2260,0,1692,1728,5680
4295,2289,0,1687,1729,5705
4308,2298,0,1699,1695,5692
4305,2285,0,1718,1692,5695
4339,2312,0,1702,1647,5661
4323,2309,0,1715,1653,5677
4369,2284,0,1721,1626,5631
4370,2286,0,1747,1597,5630
4317,2309,0,1763,1611,5683
4329,2343,0,1754,1574,5671
4294,2372,0,1757,1577,5706
4288,2344,0,1770,1598,5712
4334,2324,0,1765,1577,5666
4297,2337,0,1779,1587,5703
4346,2315,0,1771,1568,5654
4341,2299,0,1792,1568,5659
4337,2295,0,1812,1556,5663
4345,2283,0,1804,1568,5655
4299,2293,0,1826,1582,5701
4329,2273,0,1836,1562,5671
4301,2288,0,1820,1591,5699
4319,2278,0,1818,1585,5681
4339,2261,0,1806,1594,5661
4282,2259,0,1826,1633,5718
4340,2244,0,1799,1617,5660
4335,2220,0,1809,1636,5665
4293,2223,0,1841,1643,5707
4332,2172,0,1838,1658,5668
4332,2160,0,1855,1653,5668
4351,2116,0,1873,1660,5649
4326,2125,0,1878,1671,5674
4266,2131,0,1918,1685,5734
4374,2063,0,1888,1675,5626
4258,2100,0,1932,1710,5742
4287,2069,0,1931,1713,5713
4330,2009,0,1954,1707,5670
4310,1998,0,1941,1751,5690
4307,1985,0,1935,1773,5693
4344,1987,0,1904,1765,5656
4325,1966,0,1908,1801,5675
4308,1967,0,1922,1803,5692
4262,1964,0,1958,1816,5738
4298,1965,0,1942,1795,5702
4292,1956,0,1951,1801,5708
4326,1921,0,1959,1794,5674
4311,1920,0,1935,1834,5689
4323,1902,0,1953,1822,5677
4337,1890,0,1945,1828,5663
4350,1879,0,1951,1820,5650
4329,1874,0,1979,1818,5671
4317,1876,0,1988,1819,5683
4341,1839,0,2009,1811,5659
4327,1832,0,2015,1826,5673
4352,1816,0,1995,1837,5648
4325,1825,0,2012,1838,5675
4276,1846,0,2027,1851,5724
4242,1856,0,2029,1873,5758
4290,1870,0,2033,1807,5710
4302,1864,0,2020,1814,5698
4322,1875,0,1994,1809,5678
4309,1887,0,1991,1813,5691
4309,1865,0,2001,1825,5691
4287,1877,0,2010,1826,5713
4266,1895,0,2000,1839,5734
4315,1880,0,1982,1823,5685
4301,1880,0,2028,1791,5699
4284,1878,0,2026,1812,5716
4320,1860,0,2008,1812,5680
4269,1891,0,2035,1805,5731
4320,1850,0,2027,1803,5680
4298,1843,0,2042,1817,5702
4239,1865,0,2064,1832,5761
4300,1833,0,2057,1810,5700
4264,1852,0,2058,1826,5736
4334,1828,0,2012,1826,5666
4312,1829,0,2025,1834,5688
4322,1843,0,1988,1847,5678
4315,1861,0,1976,1848,5685
4323,1846,0,1969,1862,5677
4299,1884,0,1939,1878,5701
4273,1899,0,1914,1914,5727
4308,1889,0,1883,1920,5692
4307,1919,0,1870,1904,5693
4270,1922,0,1901,1907,5730
4300,1935,0,1890,1875,5700
4261,1963,0,1888,1888,5739
4296,1940,0,1898,1866,5704
4332,1937,0,1874,1857,5668
4310,1982,0,1880,1828,5690
4254,1995,0,1899,1852,5746
4265,1994,0,1905,1836,5735
4287,1972,0,1918,1823,5713
4264,1957,0,1931,1848,5736
4277,1964,0,1910,1849,5723
4265,1981,0,1920,1834,5735
4278,1961,0,1915,1846,5722
4236,1962,0,1961,1841,5764
4299,1941,0,1906,1854,5701
4260,1926,0,1969,1845,5740
4293,1899,0,1963,1845,5707
4315,1869,0,1951,1865,5685
4272,1874,0,1961,1893,5728
4300,1845,0,1959,1896,5700
4320,1869,0,1919,1892,5680
4289,1868,0,1933,1910,5711
4297,1863,0,1932,1908,5703
4323,1874,0,1908,1895,5677
4258,1879,0,1931,1932,5742
4312,1873,0,1918,1897,5688
4323,1857,0,1908,1912,5677
4334,1874,0,1894,1898,5666
4347,1873,0,1876,1904,5653
4365,1865,0,1874,1896,5635
4293,1879,0,1918,1910,5707
4312,1863,0,1918,1907,5688
4328,1842,0,1937,1893,5672
4298,1880,0,1908,1914,5702
4328,1834,0,1936,1902,5672
4311,1816,0,1986,1887,5689
4306,1803,0,2022,1869,5694
4294,1770,0,2059,1877,5706
4291,1777,0,2043,1889,5709
4280,1767,0,2075,1878,5720
4305,1741,0,2056,1898,5695
4267,1760,0,2055,1918,5733
4273,1745,0,2063,1919,5727
4291,1732,0,2062,1915,5709
4258,1740,0,2079,1923,5742
4264,1732,0,2072,1932,5736
4255,1737,0,2056,1952,5745
4250,1743,0,2064,1943,5750
4321,1703,0,2025,1951,5679
4266,1739,0,2025,1970,5734
4291,1718,0,2007,1984,5709
4309,1692,0,1999,2000,5691
4296,1722,0,1987,1995,5704
4275,1703,0,2001,2021,5725
4248,1721,0,2023,2008,5752
4335,1700,0,1995,1970,5665
4263,1729,0,2017,1991,5737
4300,1695,0,1998,2007,5700
4314,1695,0,1985,2006,5686
4304,1719,0,1974,2003,5696
4291,1728,0,1970,2011,5709
4323,1735,0,1965,1977,5677
4334,1731,0,1966,1969,5666
4258,1776,0,1971,1995,5742
4259,1765,0,1996,1980,5741
4270,1775,0,1984,1971,5730
4219,1797,0,1986,1998,5781
4291,1780,0,1944,1985,5709
4284,1827,0,1939,1950,5716
4278,1816,0,1952,1954,5722
4334,1831,0,1905,1930,5666
4302,1855,0,1912,1931,5698
4294,1838,0,1929,1939,5706
4280,1854,0,1959,1907,5720
4288,1847,0,1968,1897,5712
4304,1842,0,1964,1890,5696
4268,1842,0,1983,1907,5732
4301,1824,0,1968,1907,5699
4321,1832,0,1948,1899,5679
4285,1857,0,1970,1888,5715
4268,1855,0,1992,1885,5732
4283,1846,0,1990,1881,5717
4297,1847,0,1984,1872,5703
4246,1836,0,2041,1877,5754
4253,1847,0,2020,1880,5747
4214,1878,0,2020,1888,5786
4246,1890,0,2021,1843,5754
4287,1864,0,1979,1870,5713
4261,1873,0,1980,1886,5739
4304,1880,0,1928,1888,5696
4291,1903,0,1914,1892,5709
4261,1919,0,1897,1923,5739
4295,1916,0,1874,1915,5705
4302,1942,0,1815,1941,5698
4293,1948,0,1812,1947,5707
4264,1982,0,1792,1962,5736
4305,1970,0,1769,1956,5695
4323,1976,0,1749,1952,5677
4270,1974,0,1752,2004,5730
4280,1972,0,1757,1991,5720
4322,1933,0,1742,2003,5678
4309,1955,0,1719,2017,5691
4279,1969,0,1729,2023,5721
4316,1932,0,1716,2036,5684
4283,1961,0,1723,2033,5717
4293,1966,0,1707,2034,5707
4227,1968,0,1695,2110,5773
4292,1955,0,1668,2085,5708
4286,1983,0,1660,2071,5714
4247,1953,0,1679,2121,5753
4325,1918,0,1656,2101,5675
4292,1923,0,1654,2131,5708
4315,1888,0,1638,2159,5685
4297,1874,0,1684,2145,5703
4314,1871,0,1672,2143,5686
4328,1864,0,1680,2128,5672
4261,1858,0,1714,2167,5739
4282,1819,0,1737,2162,5718
4372,1757,0,1708,2163,5628
4302,1788,0,1730,2180,5698
4326,1754,0,1729,2191,5674
4316,1757,0,1732,2195,5684
4272,1760,0,1761,2207,5728
4319,1724,0,1766,2191,5681
4315,1708,0,1779,2198,5685
4289,1710,0,1785,2216,5711
4337,1692,0,1773,2198,5663
4267,1680,0,1846,2207,5733
4301,1667,0,1833,2199,5699
4262,1681,0,1856,2201,5738
4318,1641,0,1863,2178,5682
4298,1631,0,1893,2178,5702
4297,1639,0,1889,2175,5703
4269,1633,0,1916,2182,5731
4298,1628,0,1917,2157,5702
4244,1654,0,1955,2147,5756
4245,1636,0,1954,2165,5755
4275,1631,0,1956,2138,5725
4255,1641,0,1959,2145,5745
4234,1623,0,2009,2134,5766
4286,1656,0,1962,2096,5714
4286,1663,0,1970,2081,5714
4278,1684,0,1970,2068,5722
4247,1713,0,2008,2032,5753
4294,1692,0,1974,2040,5706
4243,1737,0,2008,2012,5757
4286,1711,0,2015,1988,5714
4241,1732,0,2050,1977,5759
4254,1758,0,2036,1952,5746
4261,1745,0,2051,1943,5739
4277,1782,0,2022,1919,5723
4289,1773,0,2021,1917,5711
4240,1787,0,2035,1938,5760
4288,1769,0,1985,1958,5712
4252,1775,0,2009,1964,5748
4284,1768,0,1984,1964,5716
4272,1787,0,1989,1952,5728
4241,1788,0,1997,1974,5759
4278,1784,0,1964,1974,5722
4286,1778,0,1957,1979,5714
4315,1782,0,1932,1971,5685
4255,1798,0,1962,1985,5745
4326,1780,0,1917,1977,5674
4278,1812,0,1933,1977,5722
4303,1822,0,1913,1962,5697
4300,1824,0,1930,1946,5700
4278,1818,0,1955,1949,5722
4261,1812,0,1976,1951,5739
4258,1806,0,1978,1958,5742
4277,1792,0,1985,1946,5723
4320,1781,0,1977,1922,5680
4271,1820,0,1981,1928,5729
4256,1807,0,2021,1916,5744
4286,1783,0,2013,1918,5714
4268,1773,0,2005,1954,5732
4255,1798,0,2006,1941,5745
4236,1819,0,2005,1940,5764
4250,1804,0,2015,1931,5750
4228,1810,0,2033,1929,5772
4272,1815,0,2025,1888,5728
4247,1812,0,2037,1904,5753
4245,1811,0,2041,1903,5755
4237,1788,0,2054,1921,5763
4304,1766,0,2020,1910,5696
4250,1784,0,2049,1917,5750
4306,1745,0,2052,1897,5694
4281,1769,0,2064,1886,5719
4256,1750,0,2085,1909,5744
4255,1758,0,2088,1899,5745
4279,1740,0,2086,1895,5721
4298,1722,0,2119,1861,5702
4251,1731,0,2138,1880,5749
4332,1708,0,2121,1839,5668
4264,1742,0,2133,1861,5736
4279,1755,0,2132,1834,5721
4289,1729,0,2158,1824,5711
4286,1744,0,2132,1838,5714
4324,1693,0,2158,1825,5676
4280,1702,0,2174,1844,5720
4344,1687,0,2137,1832,5656
4288,1676,0,2154,1882,5712
4314,1678,0,2137,1871,5686
4308,1668,0,2148,1876,5692
4298,1661,0,2154,1887,5702
4232,1665,0,2158,1945,5768
4271,1670,0,2147,1912,5729
4252,1652,0,2141,1955,5748
4237,1647,0,2152,1964,5763
4317,1627,0,2111,1945,5683
4270,1655,0,2117,1958,5730
4310,1654,0,2082,1954,5690
4263,1675,0,2097,1965,5737
4288,1648,0,2100,1964,5712
4258,1670,0,2107,1965,5742
4243,1677,0,2102,1978,5757
4277,1657,0,2082,1984,5723
4309,1662,0,2035,1994,5691
4280,1671,0,2055,1994,5720
4255,1697,0,2039,2009,5745
4263,1676,0,2054,2007,5737
4268,1663,0,2051,2018,5732
4266,1673,0,2049,2012,5734
4266,1679,0,2038,2017,5734
4289,1675,0,1995,2041,5711
4319,1666,0,1964,2051,5681
4296,1661,0,1950,2093,5704
4291,1644,0,1949,2116,5709
4314,1638,0,1922,2126,5686
4270,1648,0,1918,2164,5730
4322,1645,0,1870,2163,5678
4289,1660,0,1866,2185,5711
4292,1662,0,1838,2208,5708
4299,1667,0,1814,2220,5701
4317,1652,0,1781,2250,5683
4297,1683,0,1742,2278,5703
4289,1700,0,1740,2271,5711
4311,1676,0,1713,2300,5689
4312,1677,0,1682,2329,5688
4319,1686,0,1640,2355,5681
4333,1701,0,1587,2379,5667
4312,1687,0,1613,2388,5688
4273,1704,0,1597,2426,5727
4312,1707,0,1556,2425,5688
4321,1738,0,1529,2412,5679
4323,1742,0,1520,2415,5677
4302,1769,0,1521,2408,5698
