3261,0,0,3331,3408,6739
9097,0,0,437,466,903
9410,0,0,277,313,590
9329,0,0,325,346,671
9254,0,0,365,381,746
9133,0,0,429,438,867
9036,0,0,479,485,964
8935,0,0,522,543,1065
8834,0,0,575,591,1166
8772,0,0,606,622,1228
8627,0,0,675,698,1373
8527,0,0,746,727,1473
8372,0,0,819,809,1628
8286,0,0,880,834,1714
8105,0,0,963,932,1895
8042,0,0,975,983,1958
7946,0,0,1039,1015,2054
7772,0,0,1127,1101,2228
7682,0,0,1183,1135,2318
7565,0,0,1222,1213,2435
7338,0,0,1399,1263,2662
7271,0,0,1383,1346,2729
7161,0,0,1430,1409,2839
7016,0,0,1538,1446,2984
6902,0,0,1581,1517,3098
6825,0,0,1609,1566,3175
6681,0,0,1683,1636,3319
6599,0,0,1699,1702,3401
6469,0,0,1772,1759,3531
6393,0,0,1827,1780,3607
6315,0,0,1866,1819,3685
6241,0,0,1919,1840,3759
6137,0,0,1954,1909,3863
6082,0,0,1991,1927,3918
6016,0,0,2024,1960,3984
5967,0,0,2043,1990,4033
5927,0,0,2093,1980,4073
5856,0,0,2083,2061,4144
5813,0,0,2121,2066,4187
5731,0,0,2151,2118,4269
5750,0,0,2167,2083,4250
5651,0,0,2197,2152,4349
5639,0,0,2192,2169,4361
5595,0,0,2230,2175,4405
5549,0,0,2274,2177,4451
5574,0,0,2254,2172,4426
5534,0,0,2284,2182,4466
5403,0,0,2342,2255,4597
5452,0,0,2346,2202,4548
5381,0,0,2353,2266,4619
5382,0,0,2366,2252,4618
5361,0,0,2378,2261,4639
5324,0,0,2429,2247,4676
5371,0,0,2374,2255,4629
5237,0,0,2453,2310,4763
5241,0,0,2475,2284,4759
5199,0,0,2486,2315,4801
5208,0,0,2500,2292,4792
5205,0,0,2504,2291,4795
5215,0,0,2503,2282,4785
5183,0,0,2524,2293,4817
5191,0,0,2506,2303,4809
5198,0,0,2524,2278,4802
5176,0,0,2533,2291,4824
5138,0,0,2567,2295,4862
5140,0,0,2563,2297,4860
5173,0,0,2538,2289,4827
5169,0,0,2551,2280,4831
5206,0,0,2519,2275,4794
5183,0,0,2538,2279,4817
5170,0,0,2543,2287,4830
5162,0,0,2547,2291,4838
5183,0,0,2536,2281,4817
5199,0,0,2538,2263,4801
5139,0,0,2562,2299,4861
5148,0,0,2560,2292,4852
5169,0,0,2543,2288,4831
5184,0,0,2531,2285,4816
5148,0,0,2553,2299,4852
5170,0,0,2552,2278,4830
5172,0,0,2544,2284,4828
5196,0,0,2535,2269,4804
5148,0,0,2565,2287,4852
5148,0,0,2563,2289,4852
5103,0,0,2579,2318,4897
5153,0,0,2555,2292,4847
5124,0,0,2563,2313,4876
5168,0,0,2568,2264,4832
5147,0,0,2568,2285,4853
5151,0,0,2572,2277,4849
5114,0,0,2571,2315,4886
5169,0,0,2544,2287,4831
5161,0,0,2544,2295,4839
5148,0,0,2564,2288,4852
5132,0,0,2580,2288,4868
5130,0,0,2576,2294,4870
5126,0,0,2581,2293,4874
5166,0,0,2568,2266,4834
5135,0,0,2585,2280,4865
5117,0,0,2599,2284,4883
5140,0,0,2595,2265,4860
5113,0,0,2598,2289,4887
5130,0,0,2585,2285,4870
5151,0,0,2580,2269,4849
5114,0,0,2597,2289,4886
5132,0,0,2580,2288,4868
5163,0,0,2568,2269,4837
5116,0,0,2583,2301,4884
5158,0,0,2585,2257,4842
5158,0,0,2578,2264,4842
5169,0,0,2580,2251,4831
5100,0,0,2593,2307,4900
5200,0,0,2545,2255,4800
5171,0,0,2571,2258,4829
5172,0,0,2583,2245,4828
5119,0,0,2605,2276,4881
5195,0,0,2561,2244,4805
5173,0,0,2558,2269,4827
5155,0,0,2558,2287,4845
5133,0,0,2593,2274,4867
5136,0,0,2572,2292,4864
5148,0,0,2582,2270,4852
5141,0,0,2582,2277,4859
5143,0,0,2574,2283,4857
5136,0,0,2588,2276,4864
5116,0,0,2589,2295,4884
5131,0,0,2595,2274,4869
5167,0,0,2575,2258,4833
5127,0,0,2618,2255,4873
5164,0,0,2600,2236,4836
5155,0,0,2580,2265,4845
5114,0,0,2625,2261,4886
5112,0,0,2621,2267,4888
5139,0,0,2602,2259,4861
5129,0,0,2599,2272,4871
5122,0,0,2619,2259,4878
5151,0,0,2600,2249,4849
5103,0,0,2632,2265,4897
5143,0,0,2613,2244,4857
5203,0,0,2585,2212,4797
5121,0,0,2640,2239,4879
5135,0,0,2611,2254,4865
5141,0,0,2611,2248,4859
5153,0,0,2604,2243,4847
5119,0,0,2621,2260,4881
5157,0,0,2592,2251,4843
5158,0,0,2593,2249,4842
5134,0,0,2614,2252,4866
5134,0,0,2608,2258,4866
5170,0,0,2588,2242,4830
5150,0,0,2606,2244,4850
5137,0,0,2614,2249,4863
5130,0,0,2610,2260,4870
5145,0,0,2604,2251,4855
5215,0,0,2561,2224,4785
5185,0,0,2592,2223,4815
5162,0,0,2608,2230,4838
5191,0,0,2600,2209,4809
5119,0,0,2655,2226,4881
5105,0,0,2663,2232,4895
5111,0,0,2659,2230,4889
5141,0,0,2650,2209,4859
5100,0,0,2667,2233,4900
5137,0,0,2654,2209,4863
5106,0,0,2664,2230,4894
5154,0,0,2636,2210,4846
5105,0,0,2661,2234,4895
5172,0,0,2622,2206,4828
5154,0,0,2626,2220,4846
5094,0,0,2652,2254,4906
5157,0,0,2617,2226,4843
5146,0,0,2630,2224,4854
5132,0,0,2645,2223,4868
5134,0,0,2636,2230,4866
5095,0,0,2665,2240,4905
5121,0,0,2654,2225,4879
5103,0,0,2673,2224,4897
5141,0,0,2667,2192,4859
5103,0,0,2686,2211,4897
5128,0,0,2658,2214,4872
5128,0,0,2660,2212,4872
5123,0,0,2659,2218,4877
5119,0,0,2671,2210,4881
5122,0,0,2673,2205,4878
5121,0,0,2692,2187,4879
5101,0,0,2694,2205,4899
5147,0,0,2672,2181,4853
5125,0,0,2689,2186,4875
5124,0,0,2704,2172,4876
5136,0,0,2686,2178,4864
5117,0,0,2688,2195,4883
5079,0,0,2709,2212,4921
5120,0,0,2670,2210,4880
5140,0,0,2679,2181,4860
5121,0,0,2677,2202,4879
5133,0,0,2667,2200,4867
5137,0,0,2655,2208,4863
5142,0,0,2655,2203,4858
5100,0,0,2674,2226,4900
5100,0,0,2677,2223,4900
5126,0,0,2667,2207,4874
5131,0,0,2667,2202,4869
5125,0,0,2655,2220,4875
5133,0,0,2645,2222,4867
5102,0,0,2663,2235,4898
5122,0,0,2659,2219,4878
5135,0,0,2647,2218,4865
5150,0,0,2650,2200,4850
5108,0,0,2673,2219,4892
5115,0,0,2667,2218,4885
5136,0,0,2644,2220,4864
5148,0,0,2638,2214,4852
5131,0,0,2648,2221,4869
5093,0,0,2677,2230,4907
5100,0,0,2668,2232,4900
5124,0,0,2663,2213,4876
5115,0,0,2686,2199,4885
5064,0,0,2708,2228,4936
5109,0,0,2683,2208,4891
5119,0,0,2682,2199,4881
5158,0,0,2662,2180,4842
5130,0,0,2673,2197,4870
5130,0,0,2678,2192,4870
5129,0,0,2671,2200,4871
5147,0,0,2659,2194,4853
5115,0,0,2673,2212,4885
5084,0,0,2679,2237,4916
5134,0,0,2650,2216,4866
5171,0,0,2645,2184,4829
5109,0,0,2674,2217,4891
5141,0,0,2657,2202,4859
5094,0,0,2669,2237,4906
5142,0,0,2650,2208,4858
5152,0,0,2650,2198,4848
5122,0,0,2677,2201,4878
5092,0,0,2684,2224,4908
5121,0,0,2658,2221,4879
5093,0,0,2676,2231,4907
5071,0,0,2680,2249,4929
5150,0,0,2650,2200,4850
5115,0,0,2660,2225,4885
5105,0,0,2666,2229,4895
5119,0,0,2654,2227,4881
5115,0,0,2657,2228,4885
5133,0,0,2661,2206,4867
5104,0,0,2664,2232,4896
5080,0,0,2667,2253,4920
5111,0,0,2647,2242,4889
5097,0,0,2654,2249,4903
5171,0,0,2612,2217,4829
5121,0,0,2651,2228,4879
5147,0,0,2626,2227,4853
5135,0,0,2629,2236,4865
5108,0,0,2654,2238,4892
5140,0,0,2636,2224,4860
5102,0,0,2655,2243,4898
5143,0,0,2649,2208,4857
5093,0,0,2660,2247,4907
5128,0,0,2646,2226,4872
5108,0,0,2642,2250,4892
5131,0,0,2641,2228,4869
5124,0,0,2640,2236,4876
5105,0,0,2643,2252,4895
5092,0,0,2650,2258,4908
5165,0,0,2603,2232,4835
5155,0,0,2629,2216,4845
5144,0,0,2626,2230,4856
5132,0,0,2644,2224,4868
5113,0,0,2658,2229,4887
5124,0,0,2657,2219,4876
5134,0,0,2667,2199,4866
5098,0,0,2691,2211,4902
5132,0,0,2670,2198,4868
5144,0,0,2678,2178,4856
5107,0,0,2686,2207,4893
5105,0,0,2690,2205,4895
5122,0,0,2678,2200,4878
5117,0,0,2670,2213,4883
5092,0,0,2685,2223,4908
5157,0,0,2653,2190,4843
5146,0,0,2660,2194,4854
5131,0,0,2659,2210,4869
5144,0,0,2663,2193,4856
5133,0,0,2658,2209,4867
5109,0,0,2675,2216,4891
5147,0,0,2657,2196,4853
5145,0,0,2655,2200,4855
5127,0,0,2668,2205,4873
5125,0,0,2652,2223,4875
5129,0,0,2654,2217,4871
5118,0,0,2649,2233,4882
5084,0,0,2670,2246,4916
5163,0,0,2625,2212,4837
5120,0,0,2642,2238,4880
5121,0,0,2632,2247,4879
5119,0,0,2655,2226,4881
5096,0,0,2672,2232,4904
5125,0,0,2664,2211,4875
5149,0,0,2640,2211,4851
5134,0,0,2650,2216,4866
5113,0,0,2669,2218,4887
5146,0,0,2657,2197,4854
5145,0,0,2646,2209,4855
5161,0,0,2641,2198,4839
5103,0,0,2664,2233,4897
5169,0,0,2644,2187,4831
5111,0,0,2671,2218,4889
5160,0,0,2652,2188,4840
5155,0,0,2645,2200,4845
5101,0,0,2677,2222,4899
5100,0,0,2690,2210,4900
5148,0,0,2664,2188,4852
5128,0,0,2668,2204,4872
5119,0,0,2683,2198,4881
5111,0,0,2692,2197,4889
5119,0,0,2673,2208,4881
5130,0,0,2666,2204,4870
5104,0,0,2686,2210,4896
5126,0,0,2668,2206,4874
5099,0,0,2683,2218,4901
5147,0,0,2667,2186,4853
5132,0,0,2674,2194,4868
5145,0,0,2679,2176,4855
5132,0,0,2675,2193,4868
5115,0,0,2689,2196,4885
5158,0,0,2667,2175,4842
5118,0,0,2683,2199,4882
5103,0,0,2687,2210,4897
5107,0,0,2677,2216,4893
5150,0,0,2658,2192,4850
5087,0,0,2700,2213,4913
5133,0,0,2667,2200,4867
5121,0,0,2684,2195,4879
5129,0,0,2681,2190,4871
5117,0,0,2682,2201,4883
5152,0,0,2672,2176,4848
5123,0,0,2686,2191,4877
5153,0,0,2669,2178,4847
5098,0,0,2716,2186,4902
5138,0,0,2680,2182,4862
5078,0,0,2714,2208,4922
5131,0,0,2697,2172,4869
5091,0,0,2715,2194,4909
5106,0,0,2708,2186,4894
5109,0,0,2711,2180,4891
5131,0,0,2702,2167,4869
5110,0,0,2703,2187,4890
5123,0,0,2709,2168,4877
5095,0,0,2716,2189,4905
5127,0,0,2703,2170,4873
5136,0,0,2704,2160,4864
5134,0,0,2702,2164,4866
5153,0,0,2700,2147,4847
5158,0,0,2706,2136,4842
5096,0,0,2736,2168,4904
5117,0,0,2732,2151,4883
5130,0,0,2725,2145,4870
5140,0,0,2709,2151,4860
5100,0,0,2737,2163,4900
5077,0,0,2744,2179,4923
5146,0,0,2715,2139,4854
5083,0,0,2755,2162,4917
5121,0,0,2727,2152,4879
5092,0,0,2751,2157,4908
5092,0,0,2748,2160,4908
5117,0,0,2745,2138,4883
5108,0,0,2750,2142,4892
5067,0,0,2768,2165,4933
5099,0,0,2747,2154,4901
5122,0,0,2746,2132,4878
5117,0,0,2744,2139,4883
5085,0,0,2759,2156,4915
5106,0,0,2755,2139,4894
5110,0,0,2763,2127,4890
5083,0,0,2783,2134,4917
5123,0,0,2780,2097,4877
5111,0,0,2780,2109,4889
5103,0,0,2779,2118,4897
5092,0,0,2788,2120,4908
5087,0,0,2791,2122,4913
5139,0,0,2760,2101,4861
5090,0,0,2786,2124,4910
5063,0,0,2792,2145,4937
5112,0,0,2774,2114,4888
5082,0,0,2782,2136,4918
5100,0,0,2763,2137,4900
5103,0,0,2769,2128,4897
5081,0,0,2774,2145,4919
5085,0,0,2783,2132,4915
5113,0,0,2778,2109,4887
5097,0,0,2799,2104,4903
5118,0,0,2772,2110,4882
5074,0,0,2810,2116,4926
5091,0,0,2790,2119,4909
5141,0,0,2778,2081,4859
5114,0,0,2796,2090,4886
5127,0,0,2783,2090,4873
5098,0,0,2796,2106,4902
5119,0,0,2791,2090,4881
5117,0,0,2780,2103,4883
5121,0,0,2771,2108,4879
5091,0,0,2796,2113,4909
5094,0,0,2781,2125,4906
5098,0,0,2780,2122,4902
5089,0,0,2782,2129,4911
5116,0,0,2762,2122,4884
5107,0,0,2767,2126,4893
5118,0,0,2761,2121,4882
5116,0,0,2773,2111,4884
5107,0,0,2784,2109,4893
5099,0,0,2766,2135,4901
5111,0,0,2769,2120,4889
5095,0,0,2779,2126,4905
5106,0,0,2769,2125,4894
5089,0,0,2772,2139,4911
5117,0,0,2758,2125,4883
5104,0,0,2767,2129,4896
5099,0,0,2767,2134,4901
5136,0,0,2750,2114,4864
5104,0,0,2785,2111,4896
5139,0,0,2765,2096,4861
5110,0,0,2766,2124,4890
5102,0,0,2776,2122,4898
5103,0,0,2772,2125,4897
5110,0,0,2768,2122,4890
5167,0,0,2751,2082,4833
5116,0,0,2769,2115,4884
5119,0,0,2777,2104,4881
5108,0,0,2782,2110,4892
5123,0,0,2754,2123,4877
5115,0,0,2764,2121,4885
5130,0,0,2765,2105,4870
5123,0,0,2755,2122,4877
5131,0,0,2754,2115,4869
5131,0,0,2742,2127,4869
5120,0,0,2749,2131,4880
5108,0,0,2756,2136,4892
5139,0,0,2729,2132,4861
5087,0,0,2766,2147,4913
5140,0,0,2751,2109,4860
5136,0,0,2741,2123,4864
5106,0,0,2755,2139,4894
5116,0,0,2750,2134,4884
5129,0,0,2732,2139,4871
5122,0,0,2749,2129,4878
5089,0,0,2765,2146,4911
5109,0,0,2763,2128,4891
5135,0,0,2743,2122,4865
5122,0,0,2752,2126,4878
5101,0,0,2773,2126,4899
5139,0,0,2747,2114,4861
5142,0,0,2746,2112,4858
5142,0,0,2745,2113,4858
5088,0,0,2784,2128,4912
5102,0,0,2779,2119,4898
5122,0,0,2757,2121,4878
5114,0,0,2761,2125,4886
5116,0,0,2764,2120,4884
5102,0,0,2780,2118,4898
5113,0,0,2765,2122,4887
5114,0,0,2768,2118,4886
5111,0,0,2793,2096,4889
5133,0,0,2777,2090,4867
5124,0,0,2790,2086,4876
5116,0,0,2795,2089,4884
5120,0,0,2788,2092,4880
5115,0,0,2785,2100,4885
5159,0,0,2760,2081,4841
5135,0,0,2770,2095,4865
5155,0,0,2764,2081,4845
5097,0,0,2784,2119,4903
5116,0,0,2793,2091,4884
5113,0,0,2790,2097,4887
5098,0,0,2807,2095,4902
5100,0,0,2807,2093,4900
5144,0,0,2801,2055,4856
5129,0,0,2805,2066,4871
5096,0,0,2819,2085,4904
5105,0,0,2803,2092,4895
5129,0,0,2789,2082,4871
5116,0,0,2805,2079,4884
5141,0,0,2780,2079,4859
5102,0,0,2802,2096,4898
5094,0,0,2809,2097,4906
5108,0,0,2795,2097,4892
5150,0,0,2779,2071,4850
5101,0,0,2791,2108,4899
5117,0,0,2791,2092,4883
5114,0,0,2795,2091,4886
5131,0,0,2793,2076,4869
5144,0,0,2794,2062,4856
5097,0,0,2816,2087,4903
5107,0,0,2806,2087,4893
5091,0,0,2819,2090,4909
5101,0,0,2831,2068,4899
5112,0,0,2818,2070,4888
5085,0,0,2819,2096,4915
5095,0,0,2821,2084,4905
5096,0,0,2812,2092,4904
5109,0,0,2797,2094,4891
5081,0,0,2821,2098,4919
5107,0,0,2798,2095,4893
5149,0,0,2781,2070,4851
5137,0,0,2783,2080,4863
5123,0,0,2785,2092,4877
5111,0,0,2789,2100,4889
5095,0,0,2788,2117,4905
5095,0,0,2787,2118,4905
5051,0,0,2807,2142,4949
5116,0,0,2786,2098,4884
5140,0,0,2768,2092,4860
5088,0,0,2789,2123,4912
5120,0,0,2788,2092,4880
5134,0,0,2782,2084,4866
5098,0,0,2804,2098,4902
5108,0,0,2802,2090,4892
5126,0,0,2794,2080,4874
5079,0,0,2823,2098,4921
5105,0,0,2815,2080,4895
5079,0,0,2822,2099,4921
5099,0,0,2807,2094,4901
5107,0,0,2798,2095,4893
5111,0,0,2800,2089,4889
5070,0,0,2818,2112,4930
5093,0,0,2812,2095,4907
5120,0,0,2793,2087,4880
5094,0,0,2815,2091,4906
5073,0,0,2819,2108,4927
5121,0,0,2791,2088,4879
5106,0,0,2804,2090,4894
5056,0,0,2837,2107,4944
5100,0,0,2813,2087,4900
5107,0,0,2819,2074,4893
5066,0,0,2852,2082,4934
5075,0,0,2848,2077,4925
5123,0,0,2834,2043,4877
5088,0,0,2844,2068,4912
5118,0,0,2828,2054,4882
5123,0,0,2817,2060,4877
5120,0,0,2815,2065,4880
5094,0,0,2833,2073,4906
5094,0,0,2839,2067,4906
5103,0,0,2822,2075,4897
5102,0,0,2833,2065,4898
5092,0,0,2841,2067,4908
5120,0,0,2825,2055,4880
5114,0,0,2831,2055,4886
5091,0,0,2842,2067,4909
5116,0,0,2829,2055,4884
5106,0,0,2834,2060,4894
5088,0,0,2838,2074,4912
5088,0,0,2838,2074,4912
5091,0,0,2835,2074,4909
5131,0,0,2812,2057,4869
5108,0,0,2845,2047,4892
5103,0,0,2836,2061,4897
5100,0,0,2846,2054,4900
5101,0,0,2838,2061,4899
5072,0,0,2861,2067,4928
5099,0,0,2850,2051,4901
5117,0,0,2836,2047,4883
5041,0,0,2883,2076,4959
5099,0,0,2834,2067,4901
5141,0,0,2820,2039,4859
5102,0,0,2832,2066,4898
5118,0,0,2830,2052,4882
5098,0,0,2834,2068,4902
5119,0,0,2833,2048,4881
5078,0,0,2844,2078,4922
5096,0,0,2844,2060,4904
5119,0,0,2827,2054,4881
5125,0,0,2813,2062,4875
5092,0,0,2832,2076,4908
5125,0,0,2813,2062,4875
5110,0,0,2825,2065,4890
5117,0,0,2820,2063,4883
5088,0,0,2830,2082,4912
5130,0,0,2806,2064,4870
5108,0,0,2826,2066,4892
5117,0,0,2812,2071,4883
5073,0,0,2838,2089,4927
5096,0,0,2832,2072,4904
5065,0,0,2850,2085,4935
5111,0,0,2824,2065,4889
5067,0,0,2847,2086,4933
5107,0,0,2839,2054,4893
5103,0,0,2842,2055,4897
5082,0,0,2856,2062,4918
5105,0,0,2849,2046,4895
5110,0,0,2834,2056,4890
5115,0,0,2834,2051,4885
5100,0,0,2835,2065,4900
5078,0,0,2849,2073,4922
5060,0,0,2844,2096,4940
5090,0,0,2818,2092,4910
5116,0,0,2820,2064,4884
5072,0,0,2846,2082,4928
5097,0,0,2831,2072,4903
5091,0,0,2825,2084,4909
5117,0,0,2805,2078,4883
5101,0,0,2816,2083,4899
5082,0,0,2822,2096,4918
5087,0,0,2836,2077,4913
5144,0,0,2786,2070,4856
5091,0,0,2804,2105,4909
5096,0,0,2799,2105,4904
5097,0,0,2795,2108,4903
5095,0,0,2791,2114,4905
5104,0,0,2785,2111,4896
5098,0,0,2792,2110,4902
5070,0,0,2800,2130,4930
5102,0,0,2782,2116,4898
5069,0,0,2799,2132,4931
5062,0,0,2795,2143,4938
5077,0,0,2800,2123,4923
5092,0,0,2797,2111,4908
5066,0,0,2815,2119,4934
5076,0,0,2810,2114,4924
5100,0,0,2810,2090,4900
5078,0,0,2829,2093,4922
5061,0,0,2824,2115,4939
5069,0,0,2820,2111,4931
5122,0,0,2799,2079,4878
5065,0,0,2832,2103,4935
5060,0,0,2845,2095,4940
5104,0,0,2830,2066,4896
5097,0,0,2836,2067,4903
5061,0,0,2859,2080,4939
5109,0,0,2826,2065,4891
5108,0,0,2841,2051,4892
5082,0,0,2848,2070,4918
5073,0,0,2845,2082,4927
5080,0,0,2845,2075,4920
5099,0,0,2830,2071,4901
5049,0,0,2858,2093,4951
5052,0,0,2854,2094,4948
5116,0,0,2822,2062,4884
5091,0,0,2840,2069,4909
5106,0,0,2840,2054,4894
5069,0,0,2854,2077,4931
5084,0,0,2846,2070,4916
5116,0,0,2837,2047,4884
5089,0,0,2852,2059,4911
5108,0,0,2844,2048,4892
5085,0,0,2852,2063,4915
5069,0,0,2872,2059,4931
5061,0,0,2869,2070,4939
5098,0,0,2858,2044,4902
5085,0,0,2860,2055,4915
5062,0,0,2881,2057,4938
5116,0,0,2853,2031,4884
5087,0,0,2860,2053,4913
5105,0,0,2863,2032,4895
5109,0,0,2856,2035,4891
5082,0,0,2872,2046,4918
5076,0,0,2882,2042,4924
5083,0,0,2878,2039,4917
5089,0,0,2874,2037,4911
5130,0,0,2849,2021,4870
5115,0,0,2860,2025,4885
5097,0,0,2858,2045,4903
5108,0,0,2861,2031,4892
5070,0,0,2869,2061,4930
5096,0,0,2858,2046,4904
5084,0,0,2864,2052,4916
5123,0,0,2848,2029,4877
5088,0,0,2872,2040,4912
5092,0,0,2876,2032,4908
5102,0,0,2877,2021,4898
5083,0,0,2878,2039,4917
5090,0,0,2862,2048,4910
5084,0,0,2868,2048,4916
5114,0,0,2855,2031,4886
5071,0,0,2875,2054,4929
5126,0,0,2840,2034,4874
5091,0,0,2855,2054,4909
5095,0,0,2855,2050,4905
5080,0,0,2855,2065,4920
5112,0,0,2835,2053,4888
5100,0,0,2846,2054,4900
5063,0,0,2872,2065,4937
5081,0,0,2864,2055,4919
5133,0,0,2829,2038,4867
5089,0,0,2850,2061,4911
5107,0,0,2856,2037,4893
5070,0,0,2860,2070,4930
5108,0,0,2862,2030,4892
5092,0,0,2881,2027,4908
5098,0,0,2887,2015,4902
5076,0,0,2896,2028,4924
5081,0,0,2880,2039,4919
5108,0,0,2883,2009,4892
5050,0,0,2901,2049,4950
5074,0,0,2895,2031,4926
5098,0,0,2881,2021,4902
5095,0,0,2894,2011,4905
5118,0,0,2874,2008,4882
5073,0,0,2908,2019,4927
5084,0,0,2911,2005,4916
5084,0,0,2903,2013,4916
5079,0,0,2911,2010,4921
5096,0,0,2901,2003,4904
5084,0,0,2906,2010,4916
5077,0,0,2921,2002,4923
5106,0,0,2904,1990,4894
5124,0,0,2884,1992,4876
5102,0,0,2889,2009,4898
5095,0,0,2890,2015,4905
5109,0,0,2891,2000,4891
5094,0,0,2893,2013,4906
5083,0,0,2881,2036,4917
5104,0,0,2887,2009,4896
5119,0,0,2872,2009,4881
5103,0,0,2875,2022,4897
5080,0,0,2880,2040,4920
5081,0,0,2869,2050,4919
5094,0,0,2859,2047,4906
5113,0,0,2847,2040,4887
5080,0,0,2859,2061,4920
5118,0,0,2843,2039,4882
5108,0,0,2839,2053,4892
5090,0,0,2850,2060,4910
5085,0,0,2863,2052,4915
5101,0,0,2848,2051,4899
5067,0,0,2861,2072,4933
5093,0,0,2851,2056,4907
5077,0,0,2854,2069,4923
5087,0,0,2848,2065,4913
5132,0,0,2813,2055,4868
5087,0,0,2839,2074,4913
5087,0,0,2833,2080,4913
5097,0,0,2838,2065,4903
5116,0,0,2818,2066,4884
5066,0,0,2846,2088,4934
5088,0,0,2836,2076,4912
5107,0,0,2836,2057,4893
5092,0,0,2836,2072,4908
5076,0,0,2855,2069,4924
5132,0,0,2812,2056,4868
5115,0,0,2822,2063,4885
5134,0,0,2812,2054,4866
5099,0,0,2824,2077,4901
5105,0,0,2831,2064,4895
5140,0,0,2826,2034,4860
5121,0,0,2815,2064,4879
5092,0,0,2826,2082,4908
5121,0,0,2811,2068,4879
5110,0,0,2813,2077,4890
5072,0,0,2835,2093,4928
5114,0,0,2810,2076,4886
5120,0,0,2810,2070,4880
5114,0,0,2824,2062,4886
5087,0,0,2842,2071,4913
5067,0,0,2848,2085,4933
5123,0,0,2844,2033,4877
5088,0,0,2845,2067,4912
5137,0,0,2822,2041,4863
5105,0,0,2838,2057,4895
5091,0,0,2848,2061,4909
5088,0,0,2845,2067,4912
5078,0,0,2848,2074,4922
5092,0,0,2840,2068,4908
5098,0,0,2845,2057,4902
5103,0,0,2847,2050,4897
5082,0,0,2856,2062,4918
5073,0,0,2859,2068,4927
5079,0,0,2864,2057,4921
5080,0,0,2884,2036,4920
5073,0,0,2876,2051,4927
5095,0,0,2880,2025,4905
5080,0,0,2882,2038,4920
5096,0,0,2868,2036,4904
5094,0,0,2871,2035,4906
5102,0,0,2857,2041,4898
5079,0,0,2866,2055,4921
5085,0,0,2857,2058,4915
5102,0,0,2845,2053,4898
5098,0,0,2853,2049,4902
5094,0,0,2852,2054,4906
5077,0,0,2857,2066,4923
5096,0,0,2854,2050,4904
5099,0,0,2847,2054,4901
5065,0,0,2858,2077,4935
5074,0,0,2854,2072,4926
5121,0,0,2827,2052,4879
5082,0,0,2834,2084,4918
5099,0,0,2833,2068,4901
5097,0,0,2835,2068,4903
5122,0,0,2821,2057,4878
5098,0,0,2827,2075,4902
5138,0,0,2809,2053,4862
5107,0,0,2827,2066,4893
5067,0,0,2849,2084,4933
5129,0,0,2821,2050,4871
5107,0,0,2830,2063,4893
5106,0,0,2829,2065,4894
5087,0,0,2851,2062,4913
5130,0,0,2820,2050,4870
5076,0,0,2850,2074,4924
5097,0,0,2837,2066,4903
5129,0,0,2825,2046,4871
5095,0,0,2843,2062,4905
5081,0,0,2849,2070,4919
5066,0,0,2867,2067,4934
5077,0,0,2862,2061,4923
5095,0,0,2849,2056,4905
5086,0,0,2854,2060,4914
5062,0,0,2862,2076,4938
5069,0,0,2864,2067,4931
5094,0,0,2845,2061,4906
5100,0,0,2841,2059,4900
5119,0,0,2831,2050,4881
5106,0,0,2839,2055,4894
5094,0,0,2844,2062,4906
5109,0,0,2848,2043,4891
5061,0,0,2869,2070,4939
5113,0,0,2843,2044,4887
5083,0,0,2861,2056,4917
5088,0,0,2859,2053,4912
5069,0,0,2869,2062,4931
5076,0,0,2880,2044,4924
5075,0,0,2879,2046,4925
5082,0,0,2878,2040,4918
5095,0,0,2871,2034,4905
5120,0,0,2847,2033,4880
5075,0,0,2876,2049,4925
5109,0,0,2856,2035,4891
5113,0,0,2846,2041,4887
5126,0,0,2845,2029,4874
5101,0,0,2867,2032,4899
5081,0,0,2872,2047,4919
5127,0,0,2855,2018,4873
5104,0,0,2864,2032,4896
5109,0,0,2863,2028,4891
5088,0,0,2876,2036,4912
5100,0,0,2867,2033,4900
5120,0,0,2861,2019,4880
5082,0,0,2887,2031,4918
5120,0,0,2864,2016,4880
5083,0,0,2867,2050,4917
5091,0,0,2876,2033,4909
5114,0,0,2860,2026,4886
5095,0,0,2871,2034,4905
5087,0,0,2880,2033,4913
5075,0,0,2892,2033,4925
5085,0,0,2881,2034,4915
5073,0,0,2885,2042,4927
5110,0,0,2873,2017,4890
5091,0,0,2882,2027,4909
5104,0,0,2878,2018,4896
5087,0,0,2888,2025,4913
5126,0,0,2871,2003,4874
5090,0,0,2880,2030,4910
5105,0,0,2885,2010,4895
5078,0,0,2906,2016,4922
5120,0,0,2876,2004,4880
5107,0,0,2883,2010,4893
5068,0,0,2904,2028,4932
5109,0,0,2891,2000,4891
5091,0,0,2899,2010,4909
5089,0,0,2892,2019,4911
5096,0,0,2890,2014,4904
5107,0,0,2890,2003,4893
5080,0,0,2903,2017,4920
5120,0,0,2870,2010,4880
5103,0,0,2888,2009,4897
5103,0,0,2894,2003,4897
5088,0,0,2909,2003,4912
5111,0,0,2908,1981,4889
5104,0,0,2918,1978,4896
5095,0,0,2908,1997,4905
5084,0,0,2910,2006,4916
5109,0,0,2892,1999,4891
5144,0,0,2889,1967,4856
5101,0,0,2914,1985,4899
5099,0,0,2916,1985,4901
5108,0,0,2909,1983,4892
5096,0,0,2926,1978,4904
5087,0,0,2920,1993,4913
5047,0,0,2947,2006,4953
5069,0,0,2923,2008,4931
5122,0,0,2913,1965,4878
5083,0,0,2929,1988,4917
5078,0,0,2936,1986,4922
5086,0,0,2926,1988,4914
5096,0,0,2921,1983,4904
5054,0,0,2945,2001,4946
5104,0,0,2926,1970,4896
5085,0,0,2936,1979,4915
5067,0,0,2946,1987,4933
5068,0,0,2938,1994,4932
5062,0,0,2945,1993,4938
5079,0,0,2935,1986,4921
5069,0,0,2932,1999,4931
5069,0,0,2941,1990,4931
5077,0,0,2932,1991,4923
5111,0,0,2916,1973,4889
5073,0,0,2938,1989,4927
5063,0,0,2945,1992,4937
5067,0,0,2940,1993,4933
5073,0,0,2947,1980,4927
5083,0,0,2938,1979,4917
5047,0,0,2962,1991,4953
5086,0,0,2943,1971,4914
5066,0,0,2954,1980,4934
5052,0,0,2966,1982,4948
5098,0,0,2932,1970,4902
5062,0,0,2942,1996,4938
5124,0,0,2913,1963,4876
5076,0,0,2939,1985,4924
5055,0,0,2939,2006,4945
5089,0,0,2913,1998,4911
5086,0,0,2925,1989,4914
5081,0,0,2925,1994,4919
5051,0,0,2951,1998,4949
5103,0,0,2921,1976,4897
5082,0,0,2935,1983,4918
5074,0,0,2947,1979,4926
5040,0,0,2969,1991,4960
5105,0,0,2937,1958,4895
5103,0,0,2944,1953,4897
5072,0,0,2944,1984,4928
5089,0,0,2939,1972,4911
5061,0,0,2956,1983,4939
5054,0,0,2949,1997,4946
5116,0,0,2927,1957,4884
5078,0,0,2941,1981,4922
5095,0,0,2923,1982,4905
5084,0,0,2925,1991,4916
5105,0,0,2920,1975,4895
5069,0,0,2940,1991,4931
5060,0,0,2944,1996,4940
5086,0,0,2934,1980,4914
5077,0,0,2947,1976,4923
5062,0,0,2958,1980,4938
5106,0,0,2929,1965,4894
5080,0,0,2940,1980,4920
5103,0,0,2922,1975,4897
5075,0,0,2934,1991,4925
5095,0,0,2930,1975,4905
5079,0,0,2929,1992,4921
5072,0,0,2922,2006,4928
5066,0,0,2933,2001,4934
5099,0,0,2915,1986,4901
5074,0,0,2933,1993,4926
5059,0,0,2946,1995,4941
5107,0,0,2918,1975,4893
5073,0,0,2931,1996,4927
5099,0,0,2921,1980,4901
5072,0,0,2937,1991,4928
5089,0,0,2930,1981,4911
5055,0,0,2947,1998,4945
5095,0,0,2920,1985,4905
5059,0,0,2946,1995,4941
5057,0,0,2941,2002,4943
5073,0,0,2927,2000,4927
5088,0,0,2922,1990,4912
5075,0,0,2935,1990,4925
5070,0,0,2936,1994,4930
5066,0,0,2951,1983,4934
5080,0,0,2946,1974,4920
5087,0,0,2947,1966,4913
5096,0,0,2933,1971,4904
5074,0,0,2954,1972,4926
5128,0,0,2914,1958,4872
5093,0,0,2929,1978,4907
5041,0,0,2955,2004,4959
5070,0,0,2944,1986,4930
5075,0,0,2940,1985,4925
5039,0,0,2965,1996,4961
5090,0,0,2946,1964,4910
5065,0,0,2954,1981,4935
5099,0,0,2948,1953,4901
5087,0,0,2950,1963,4913
5075,0,0,2962,1963,4925
5075,0,0,2967,1958,4925
5086,0,0,2960,1954,4914
5072,0,0,2965,1963,4928
5067,0,0,2974,1959,4933
5113,0,0,2952,1935,4887
5093,0,0,2957,1950,4907
5087,0,0,2972,1941,4913
5102,0,0,2969,1929,4898
5082,0,0,2969,1949,4918
5072,0,0,2975,1953,4928
5082,0,0,2971,1947,4918
5082,0,0,2974,1944,4918
5080,0,0,2978,1942,4920
5060,0,0,3002,1938,4940
5090,0,0,2990,1920,4910
5073,0,0,2992,1935,4927
5068,0,0,2997,1935,4932
5083,0,0,3000,1917,4917
5058,0,0,3014,1928,4942
5072,0,0,3004,1924,4928
5082,0,0,3005,1913,4918
5080,0,0,3004,1916,4920
5072,0,0,3015,1913,4928
5077,0,0,3006,1917,4923
5081,0,0,3007,1912,4919
5075,0,0,3000,1925,4925
5054,0,0,3005,1941,4946
5111,0,0,2969,1920,4889
5082,0,0,2979,1939,4918
5086,0,0,2975,1939,4914
5093,0,0,2974,1933,4907
5081,0,0,2974,1945,4919
5085,0,0,2973,1942,4915
5066,0,0,2979,1955,4934
5083,0,0,2982,1935,4917
5088,0,0,2977,1935,4912
5067,0,0,2980,1953,4933
5054,0,0,2984,1962,4946
5079,0,0,2976,1945,4921
5055,0,0,2994,1951,4945
5072,0,0,2971,1957,4928
5090,0,0,2980,1930,4910
5090,0,0,2982,1928,4910
5071,0,0,2993,1936,4929
5071,0,0,2995,1934,4929
5079,0,0,2994,1927,4921
5080,0,0,2985,1935,4920
5105,0,0,2966,1929,4895
5094,0,0,2989,1917,4906
5091,0,0,2997,1912,4909
5060,0,0,3012,1928,4940
5068,0,0,2997,1935,4932
5072,0,0,2998,1930,4928
5075,0,0,3000,1925,4925
5104,0,0,2989,1907,4896
5079,0,0,3003,1918,4921
5069,0,0,3006,1925,4931
5096,0,0,2992,1912,4904
5065,0,0,3019,1916,4935
5075,0,0,3011,1914,4925
5089,0,0,3004,1907,4911
5083,0,0,3009,1908,4917
5081,0,0,3008,1911,4919
5111,0,0,2992,1897,4889
5084,0,0,3010,1906,4916
5078,0,0,3020,1902,4922
5102,0,0,3011,1887,4898
5073,0,0,3028,1899,4927
5071,0,0,3028,1901,4929
5095,0,0,3010,1895,4905
5049,0,0,3043,1908,4951
5081,0,0,3022,1897,4919
5080,0,0,3012,1908,4920
5094,0,0,3018,1888,4906
5077,0,0,3024,1899,4923
5085,0,0,3027,1888,4915
5071,0,0,3031,1898,4929
5104,0,0,3009,1887,4896
5096,0,0,3008,1896,4904
5069,0,0,3018,1913,4931
5074,0,0,3008,1918,4926
5087,0,0,2992,1921,4913
5079,0,0,2989,1932,4921
5093,0,0,2977,1930,4907
5082,0,0,2986,1932,4918
5074,0,0,2985,1941,4926
5081,0,0,2986,1933,4919
5078,0,0,2987,1935,4922
5077,0,0,2987,1936,4923
5076,0,0,2988,1936,4924
5065,0,0,3002,1933,4935
5079,0,0,2989,1932,4921
5089,0,0,2989,1922,4911
5079,0,0,3004,1917,4921
5050,0,0,3016,1934,4950
5094,0,0,2988,1918,4906
5081,0,0,3004,1915,4919
5074,0,0,3012,1914,4926
5078,0,0,3004,1918,4922
5083,0,0,3011,1906,4917
5063,0,0,3019,1918,4937
5081,0,0,3018,1901,4919
5082,0,0,3022,1896,4918
5075,0,0,3035,1890,4925
5080,0,0,3036,1884,4920
5088,0,0,3039,1873,4912
5075,0,0,3048,1877,4925
5082,0,0,3047,1871,4918
5074,0,0,3051,1875,4926
5084,0,0,3056,1860,4916
5061,0,0,3065,1874,4939
5068,0,0,3067,1865,4932
5080,0,0,3066,1854,4920
5060,0,0,3075,1865,4940
5061,0,0,3068,1871,4939
5092,0,0,3062,1846,4908
5076,0,0,3074,1850,4924
5069,0,0,3075,1856,4931
5058,0,0,3079,1863,4942
5069,0,0,3075,1856,4931
5075,0,0,3066,1859,4925
5078,0,0,3068,1854,4922
5057,0,0,3081,1862,4943
5071,0,0,3075,1854,4929
5084,0,0,3069,1847,4916
5070,0,0,3077,1853,4930
5083,0,0,3065,1852,4917
5081,0,0,3065,1854,4919
5094,0,0,3059,1847,4906
5073,0,0,3071,1856,4927
5066,0,0,3068,1866,4934
5073,0,0,3068,1859,4927
5088,0,0,3062,1850,4912
5067,0,0,3068,1865,4933
5080,0,0,3079,1841,4920
5089,0,0,3075,1836,4911
5085,0,0,3077,1838,4915
5084,0,0,3076,1840,4916
5071,0,0,3066,1863,4929
5077,0,0,3065,1858,4923
5073,0,0,3063,1864,4927
5086,0,0,3057,1857,4914
5075,0,0,3059,1866,4925
5073,0,0,3067,1860,4927
5086,0,0,3062,1852,4914
5080,0,0,3051,1869,4920
5074,0,0,3059,1867,4926
5091,0,0,3040,1869,4909
5085,0,0,3053,1862,4915
5075,0,0,3051,1874,4925
5091,0,0,3051,1858,4909
5085,0,0,3053,1862,4915
5082,0,0,3048,1870,4918
5078,0,0,3049,1873,4922
5074,0,0,3050,1876,4926
5085,0,0,3047,1868,4915
5066,0,0,3048,1886,4934
5057,0,0,3053,1890,4943
5067,0,0,3048,1885,4933
5097,0,0,3034,1869,4903
5079,0,0,3040,1881,4921
5059,0,0,3040,1901,4941
5061,0,0,3048,1891,4939
5060,0,0,3037,1903,4940
5063,0,0,3033,1904,4937
5067,0,0,3034,1899,4933
5074,0,0,3023,1903,4926
5069,0,0,3035,1896,4931
5078,0,0,3028,1894,4922
5065,0,0,3039,1896,4935
5071,0,0,3036,1893,4929
5070,0,0,3040,1890,4930
5088,0,0,3025,1887,4912
5074,0,0,3033,1893,4926
5089,0,0,3028,1883,4911
5106,0,0,3021,1873,4894
5076,0,0,3033,1891,4924
5072,0,0,3040,1888,4928
5060,0,0,3043,1897,4940
5083,0,0,3037,1880,4917
5068,0,0,3036,1896,4932
5055,0,0,3046,1899,4945
5073,0,0,3045,1882,4927
5069,0,0,3035,1896,4931
5068,0,0,3042,1890,4932
5067,0,0,3059,1874,4933
5102,0,0,3038,1860,4898
5084,0,0,3055,1861,4916
5083,0,0,3061,1856,4917
5054,0,0,3085,1861,4946
5083,0,0,3061,1856,4917
5091,0,0,3059,1850,4909
5058,0,0,3070,1872,4942
5069,0,0,3069,1862,4931
5080,0,0,3058,1862,4920
5076,0,0,3059,1865,4924
5088,0,0,3057,1855,4912
5078,0,0,3066,1856,4922
5073,0,0,3064,1863,4927
5098,0,0,3048,1854,4902
5048,0,0,3068,1884,4952
5068,0,0,3049,1883,4932
5094,0,0,3059,1847,4906
5092,0,0,3067,1841,4908
5065,0,0,3079,1856,4935
5073,0,0,3059,1868,4927
5057,0,0,3065,1878,4943
5072,0,0,3053,1875,4928
5079,0,0,3053,1868,4921
5064,0,0,3065,1871,4936
5053,0,0,3069,1878,4947
5090,0,0,3045,1865,4910
5078,0,0,3048,1874,4922
5075,0,0,3046,1879,4925
5051,0,0,3057,1892,4949
5056,0,0,3062,1882,4944
5081,0,0,3040,1879,4919
5077,0,0,3037,1886,4923
5077,0,0,3030,1893,4923
5069,0,0,3043,1888,4931
5069,0,0,3041,1890,4931
5067,0,0,3030,1903,4933
5066,0,0,3044,1890,4934
5075,0,0,3036,1889,4925
5086,0,0,3026,1888,4914
5084,0,0,3023,1893,4916
5079,0,0,3025,1896,4921
5074,0,0,3021,1905,4926
5080,0,0,3021,1899,4920
5085,0,0,3019,1896,4915
5038,0,0,3035,1927,4962
5060,0,0,3030,1910,4940
5043,0,0,3039,1918,4957
5085,0,0,3015,1900,4915
5078,0,0,3016,1906,4922
5059,0,0,3029,1912,4941
5061,0,0,3027,1912,4939
5031,0,0,3045,1924,4969
5086,0,0,3019,1895,4914
5078,0,0,3028,1894,4922
5024,0,0,3062,1914,4976
5118,0,0,3001,1881,4882
5085,0,0,3021,1894,4915
5100,0,0,3016,1884,4900
5106,0,0,3006,1888,4894
5096,0,0,3005,1899,4904
5104,0,0,3007,1889,4896
5096,0,0,3006,1898,4904
5090,0,0,3010,1900,4910
5086,0,0,3011,1903,4914
5074,0,0,3019,1907,4926
5058,0,0,3033,1909,4942
5103,0,0,3012,1885,4897
5072,0,0,3025,1903,4928
5058,0,0,3042,1900,4942
5115,0,0,3007,1878,4885
5070,0,0,3029,1901,4930
5065,0,0,3019,1916,4935
5071,0,0,3021,1908,4929
5067,0,0,3026,1907,4933
5063,0,0,3039,1898,4937
5050,0,0,3037,1913,4950
5088,0,0,3016,1896,4912
5081,0,0,3017,1902,4919
5074,0,0,3017,1909,4926
5086,0,0,3013,1901,4914
5088,0,0,3008,1904,4912
5108,0,0,3003,1889,4892
5092,0,0,2998,1910,4908
5122,0,0,2991,1887,4878
5088,0,0,3008,1904,4912
5083,0,0,3015,1902,4917
5098,0,0,3002,1900,4902
5114,0,0,2999,1887,4886
5068,0,0,3019,1913,4932
5095,0,0,2995,1910,4905
5097,0,0,3001,1902,4903
5094,0,0,2995,1911,4906
5087,0,0,3004,1909,4913
5073,0,0,3008,1919,4927
5084,0,0,3019,1897,4916
5066,0,0,3024,1910,4934
5080,0,0,3012,1908,4920
5078,0,0,3015,1907,4922
5089,0,0,3005,1906,4911
5074,0,0,3022,1904,4926
5089,0,0,3020,1891,4911
5070,0,0,3029,1901,4930
5093,0,0,3018,1889,4907
5101,0,0,3023,1876,4899
5080,0,0,3032,1888,4920
5077,0,0,3031,1892,4923
5082,0,0,3038,1880,4918
5056,0,0,3051,1893,4944
5084,0,0,3036,1880,4916
5082,0,0,3041,1877,4918
5056,0,0,3057,1887,4944
5075,0,0,3041,1884,4925
5094,0,0,3027,1879,4906
5088,0,0,3024,1888,4912
5054,0,0,3044,1902,4946
5071,0,0,3033,1896,4929
5072,0,0,3032,1896,4928
5062,0,0,3039,1899,4938
5074,0,0,3020,1906,4926
5092,0,0,3020,1888,4908
5087,0,0,3029,1884,4913
5086,0,0,3030,1884,4914
5085,0,0,3029,1886,4915
5092,0,0,3034,1874,4908
5076,0,0,3035,1889,4924
5072,0,0,3040,1888,4928
5098,0,0,3035,1867,4902
5053,0,0,3060,1887,4947
5073,0,0,3049,1878,4927
5090,0,0,3035,1875,4910
5085,0,0,3040,1875,4915
5092,0,0,3036,1872,4908
5068,0,0,3046,1886,4932
5079,0,0,3035,1886,4921
5099,0,0,3030,1871,4901
5089,0,0,3035,1876,4911
5077,0,0,3044,1879,4923
5057,0,0,3065,1878,4943
5070,0,0,3062,1868,4930
5077,0,0,3065,1858,4923
5062,0,0,3076,1862,4938
5082,0,0,3073,1845,4918
5067,0,0,3079,1854,4933
5071,0,0,3076,1853,4929
5071,0,0,3078,1851,4929
5077,0,0,3081,1842,4923
5089,0,0,3064,1847,4911
5064,0,0,3085,1851,4936
5078,0,0,3069,1853,4922
5069,0,0,3082,1849,4931
5061,0,0,3092,1847,4939
5091,0,0,3072,1837,4909
5080,0,0,3079,1841,4920
5077,0,0,3085,1838,4923
5064,0,0,3088,1848,4936
5089,0,0,3085,1826,4911
5059,0,0,3110,1831,4941
5070,0,0,3111,1819,4930
5074,0,0,3110,1816,4926
5066,0,0,3112,1822,4934
5060,0,0,3106,1834,4940
5057,0,0,3117,1826,4943
5079,0,0,3110,1811,4921
5065,0,0,3107,1828,4935
5093,0,0,3093,1814,4907
5060,0,0,3110,1830,4940
5090,0,0,3098,1812,4910
5087,0,0,3094,1819,4913
5095,0,0,3092,1813,4905
5070,0,0,3105,1825,4930
5084,0,0,3094,1822,4916
5085,0,0,3098,1817,4915
5071,0,0,3098,1831,4929
5089,0,0,3098,1813,4911
5052,0,0,3113,1835,4948
5068,0,0,3112,1820,4932
5093,0,0,3095,1812,4907
5085,0,0,3104,1811,4915
5059,0,0,3118,1823,4941
5072,0,0,3119,1809,4928
5057,0,0,3121,1822,4943
5085,0,0,3116,1799,4915
5084,0,0,3113,1803,4916
5082,0,0,3122,1796,4918
5069,0,0,3120,1811,4931
5060,0,0,3129,1811,4940
5075,0,0,3123,1802,4925
5102,0,0,3106,1792,4898
5081,0,0,3119,1800,4919
5077,0,0,3118,1805,4923
5100,0,0,3108,1792,4900
5090,0,0,3110,1800,4910
5078,0,0,3114,1808,4922
5085,0,0,3124,1791,4915
5079,0,0,3110,1811,4921
5101,0,0,3101,1798,4899
5068,0,0,3115,1817,4932
5096,0,0,3104,1800,4904
5076,0,0,3112,1812,4924
5085,0,0,3115,1800,4915
5098,0,0,3114,1788,4902
5097,0,0,3117,1786,4903
5077,0,0,3133,1790,4923
5088,0,0,3123,1789,4912
5089,0,0,3126,1785,4911
5093,0,0,3129,1778,4907
5067,0,0,3139,1794,4933
5073,0,0,3146,1781,4927
5085,0,0,3137,1778,4915
5065,0,0,3150,1785,4935
5093,0,0,3133,1774,4907
5064,0,0,3149,1787,4936
5062,0,0,3146,1792,4938
5054,0,0,3149,1797,4946
5087,0,0,3132,1781,4913
5088,0,0,3130,1782,4912
5077,0,0,3141,1782,4923
5074,0,0,3138,1788,4926
5067,0,0,3139,1794,4933
5059,0,0,3144,1797,4941
5073,0,0,3142,1785,4927
5065,0,0,3141,1794,4935
5082,0,0,3130,1788,4918
5072,0,0,3141,1787,4928
5068,0,0,3137,1795,4932
5059,0,0,3145,1796,4941
5068,0,0,3134,1798,4932
5078,0,0,3132,1790,4922
5061,0,0,3134,1805,4939
5069,0,0,3126,1805,4931
5050,0,0,3148,1802,4950
5094,0,0,3120,1786,4906
5092,0,0,3118,1790,4908
5082,0,0,3127,1791,4918
5077,0,0,3121,1802,4923
5080,0,0,3122,1798,4920
5086,0,0,3123,1791,4914
5065,0,0,3132,1803,4935
5032,0,0,3147,1821,4968
5066,0,0,3124,1810,4934
5083,0,0,3116,1801,4917
5085,0,0,3115,1800,4915
5062,0,0,3130,1808,4938
5072,0,0,3123,1805,4928
5067,0,0,3130,1803,4933
5088,0,0,3122,1790,4912
5064,0,0,3132,1804,4936
5086,0,0,3116,1798,4914
5071,0,0,3124,1805,4929
5048,0,0,3145,1807,4952
5056,0,0,3138,1806,4944
5088,0,0,3120,1792,4912
5086,0,0,3124,1790,4914
5082,0,0,3129,1789,4918
5067,0,0,3133,1800,4933
5082,0,0,3122,1796,4918
5069,0,0,3133,1798,4931
5086,0,0,3121,1793,4914
5076,0,0,3124,1800,4924
5076,0,0,3127,1797,4924
5090,0,0,3119,1791,4910
5084,0,0,3112,1804,4916
5039,0,0,3137,1824,4961
5068,0,0,3124,1808,4932
5067,0,0,3120,1813,4933
5077,0,0,3115,1808,4923
5068,0,0,3119,1813,4932
5062,0,0,3124,1814,4938
5061,0,0,3134,1805,4939
5077,0,0,3121,1802,4923
5060,0,0,3129,1811,4940
5064,0,0,3128,1808,4936
5055,0,0,3139,1806,4945
5060,0,0,3137,1803,4940
5065,0,0,3143,1792,4935
5053,0,0,3141,1806,4947
5069,0,0,3135,1796,4931
5064,0,0,3138,1798,4936
5083,0,0,3123,1794,4917
5074,0,0,3127,1799,4926
5041,0,0,3150,1809,4959
5064,0,0,3129,1807,4936
5074,0,0,3130,1796,4926
5069,0,0,3135,1796,4931
5070,0,0,3127,1803,4930
5095,0,0,3129,1776,4905
5082,0,0,3127,1791,4918
5083,0,0,3127,1790,4917
5084,0,0,3122,1794,4916
5084,0,0,3129,1787,4916
5092,0,0,3129,1779,4908
5081,0,0,3120,1799,4919
5084,0,0,3118,1798,4916
5057,0,0,3137,1806,4943
5083,0,0,3124,1793,4917
5077,0,0,3134,1789,4923
5047,0,0,3151,1802,4953
5102,0,0,3113,1785,4898
5071,0,0,3132,1797,4929
5092,0,0,3129,1779,4908
5072,0,0,3139,1789,4928
5057,0,0,3143,1800,4943
5050,0,0,3146,1804,4950
5050,0,0,3135,1815,4950
5099,0,0,3109,1792,4901
5081,0,0,3111,1808,4919
5077,0,0,3112,1811,4923
5081,0,0,3111,1808,4919
5059,0,0,3119,1822,4941
5057,0,0,3117,1826,4943
5060,0,0,3124,1816,4940
5067,0,0,3117,1816,4933
5055,0,0,3122,1823,4945
5061,0,0,3119,1820,4939
5060,0,0,3116,1824,4940
5084,0,0,3102,1814,4916
5076,0,0,3101,1823,4924
5049,0,0,3104,1847,4951
5055,0,0,3104,1841,4945
5088,0,0,3086,1826,4912
5060,0,0,3099,1841,4940
5061,0,0,3097,1842,4939
5074,0,0,3090,1836,4926
5059,0,0,3094,1847,4941
5061,0,0,3087,1852,4939
5074,0,0,3084,1842,4926
5046,0,0,3102,1852,4954
5080,0,0,3089,1831,4920
5077,0,0,3087,1836,4923
5058,0,0,3100,1842,4942
5063,0,0,3097,1840,4937
5045,0,0,3106,1849,4955
5064,0,0,3095,1841,4936
5054,0,0,3104,1842,4946
5072,0,0,3091,1837,4928
5072,0,0,3091,1837,4928
5077,0,0,3089,1834,4923
5081,0,0,3095,1824,4919
5061,0,0,3100,1839,4939
