5048,0,4952,0,0,4952
8013,0,1987,0,0,1987
8139,0,1861,0,0,1861
8199,0,1566,235,0,1801
8275,0,1421,304,0,1725
8292,0,1368,340,0,1708
8348,0,1286,366,0,1652
8376,0,1240,384,0,1624
8428,0,1152,420,0,1572
8470,0,1145,385,0,1530
8484,0,1137,379,0,1516
8483,0,1106,411,0,1517
8525,0,1064,411,0,1475
8564,0,1033,403,0,1436
8560,0,1029,409,2,1440
8582,0,993,421,4,1418
8630,0,936,430,4,1370
8616,0,948,432,4,1384
8644,0,938,413,5,1356
8620,0,950,425,5,1380
8637,0,922,431,10,1363
8643,0,927,420,10,1357
8708,0,854,427,11,1292
8729,0,855,404,12,1271
8746,0,877,365,12,1254
8734,0,875,378,13,1266
8737,0,857,393,13,1263
8758,0,834,394,14,1242
8773,0,827,389,11,1227
8753,0,854,382,11,1247
8751,0,849,388,12,1249
8727,0,845,417,11,1273
8724,0,830,431,15,1276
8742,0,802,440,16,1258
8794,0,746,442,18,1206
8849,0,737,398,16,1151
8932,0,698,349,21,1068
8907,0,711,357,25,1093
8897,0,726,357,20,1103
8909,0,715,355,21,1091
8986,0,642,352,20,1014
8949,0,685,346,20,1051
8953,0,704,321,22,1047
8979,2,665,331,23,1021
8975,1,669,326,29,1025
8928,1,700,341,30,1072
8870,0,748,351,31,1130
8874,0,747,350,29,1126
8866,0,750,356,28,1134
8879,0,731,362,28,1121
8932,0,689,349,30,1068
8971,0,651,347,31,1029
8978,0,669,322,31,1022
8968,0,683,314,35,1032
8926,0,697,340,37,1074
8949,0,691,326,34,1051
8927,0,712,331,30,1073
8951,0,688,335,26,1049
8963,0,674,335,28,1037
8986,0,644,340,30,1014
9045,0,595,328,32,955
9028,1,644,295,32,972
8999,1,660,306,34,1001
8999,1,657,308,35,1001
8978,1,642,346,33,1022
8946,1,656,368,29,1054
8958,1,655,357,29,1042
8985,1,633,348,33,1015
8949,1,654,368,28,1051
8975,1,628,366,30,1025
8985,0,617,362,36,1015
9019,0,598,341,42,981
8994,0,644,322,40,1006
8996,0,629,337,38,1004
8995,0,601,363,41,1005
9014,0,606,340,40,986
9049,0,590,320,41,951
9017,0,615,328,40,983
9000,0,632,326,42,1000
9010,0,583,368,39,990
9019,0,589,358,34,981
9038,1,592,333,36,962
9023,2,600,339,36,977
9049,1,576,340,34,951
9077,1,568,319,35,923
9117,1,555,288,39,883
9094,1,583,278,44,906
9113,1,556,288,42,887
9084,1,573,297,45,916
9071,1,577,305,46,929
9086,1,552,313,48,914
9051,1,590,309,49,949
9073,1,562,317,47,927
9045,1,600,306,48,955
9042,1,601,310,46,958
9068,0,566,321,45,932
9096,0,521,338,45,904
9091,0,525,339,45,909
9067,0,564,322,47,933
9090,1,538,325,46,910
9055,1,570,329,45,945
9070,2,563,325,40,930
9063,2,573,321,41,937
9091,1,555,314,39,909
9104,1,546,309,40,896
9136,0,541,286,37,864
9107,0,587,271,35,893
9086,0,580,300,34,914
9070,0,564,337,29,930
9067,0,579,334,20,933
9067,0,565,348,20,933
9074,0,543,362,21,926
9110,0,516,352,22,890
9129,0,505,344,22,871
9147,0,514,320,19,853
9146,0,502,332,20,854
9141,0,508,329,22,859
9154,0,494,325,27,846
9131,0,497,337,35,869
9154,0,461,340,45,846
9105,0,472,375,48,895
9124,0,449,375,52,876
9123,0,453,365,59,877
9130,0,450,355,65,870
9139,0,452,336,73,861
9133,0,451,338,78,867
9129,0,452,329,90,871
9120,0,440,343,97,880
9114,0,434,344,108,886
9125,0,420,338,117,875
9119,0,428,333,120,881
9106,0,451,319,124,894
9080,0,473,318,129,920
9089,0,456,330,125,911
9085,0,452,335,128,915
9115,0,422,331,132,885
9086,0,451,332,131,914
9083,0,459,325,133,917
9057,0,463,343,137,943
9047,0,460,356,137,953
9073,1,446,346,134,927
9080,2,444,346,128,920
9117,2,428,333,120,883
9090,3,473,312,122,910
9083,3,476,322,116,917
9075,5,466,340,114,925
9089,5,464,327,115,911
9113,8,440,328,111,887
9132,12,418,327,111,868
9131,10,438,308,113,869
9138,11,450,286,115,862
9164,15,430,280,111,836
9177,14,439,262,108,823
9181,17,449,246,107,819
9170,17,476,236,101,830
9203,17,427,255,98,797
9213,16,421,252,98,787
9230,12,397,265,96,770
9239,13,393,260,95,761
9229,13,390,278,90,771
9254,13,372,283,78,746
9256,16,393,264,71,744
9244,16,400,271,69,756
9247,17,407,266,63,753
9244,17,405,275,59,756
9277,17,362,282,62,723
9289,17,358,269,67,711
9297,14,348,271,70,703
9313,12,346,254,75,687
9312,11,342,256,79,688
9310,11,345,247,87,690
9301,11,359,237,92,699
9297,10,363,239,91,703
9294,11,367,242,86,706
9307,12,344,250,87,693
9310,13,315,273,89,690
9300,12,338,263,87,700
9310,13,319,271,87,690
9312,12,325,269,82,688
9301,13,339,271,76,699
9294,14,362,250,80,706
9324,15,337,242,82,676
9305,14,348,250,83,695
9322,14,341,232,91,678
9337,13,327,227,96,663
9348,11,307,241,93,652
9330,11,338,224,97,670
9326,10,327,245,92,674
9312,9,349,241,89,688
9282,8,355,266,89,718
9304,8,311,291,86,696
9322,8,275,311,84,678
9319,8,292,296,85,681
9315,7,309,280,89,685
9319,8,316,274,83,681
9330,7,321,260,82,670
9339,9,317,252,83,661
9329,10,312,269,80,671
9318,13,331,262,76,682
9330,14,320,257,79,670
9337,14,317,254,78,663
9327,15,327,252,79,673
9338,14,300,270,78,662
9325,15,321,263,76,675
9331,15,298,276,80,669
9319,16,300,285,80,681
9322,16,312,266,84,678
9302,16,328,263,91,698
9312,17,293,287,91,688
9325,18,280,285,92,675
9311,19,301,272,97,689
9325,21,304,257,93,675
9330,22,294,267,87,670
9337,22,296,262,83,663
9346,23,291,254,86,654
9347,26,296,247,84,653
9329,27,311,247,86,671
9331,28,319,232,90,669
9322,28,323,238,89,678
9315,26,332,233,94,685
9329,26,304,254,87,671
9336,24,290,268,82,664
9350,21,296,255,78,650
9382,20,275,248,75,618
9401,19,265,239,76,599
9428,17,257,221,77,572
9431,15,262,217,75,569
9435,16,236,234,79,565
9459,16,207,237,81,541
9470,16,193,239,82,530
9473,15,214,216,82,527
9458,13,224,215,90,542
9465,12,223,209,91,535
9454,12,223,219,92,546
9466,12,209,219,94,534
9469,12,217,204,98,531
9471,11,218,193,107,529
9476,12,224,180,108,524
9474,12,228,183,103,526
9485,12,226,184,93,515
9483,11,223,193,90,517
9495,12,216,192,85,505
9485,10,233,193,79,515
9483,7,249,186,75,517
9460,8,266,193,73,540
9451,8,270,205,66,549
9456,11,253,220,60,544
9444,12,278,207,59,556
9428,14,278,226,54,572
9430,15,261,242,52,570
9417,17,260,254,52,583
9447,14,234,256,49,553
9453,14,229,257,47,547
9428,18,251,253,50,572
9455,17,220,255,53,545
9468,13,216,249,54,532
9473,14,220,238,55,527
9467,14,216,242,61,533
9454,14,225,241,66,546
9484,13,195,242,66,516
9496,12,181,239,72,504
9525,11,191,203,70,475
9528,13,204,189,66,472
9523,11,217,184,65,477
9522,11,201,205,61,478
9532,11,194,197,66,468
9526,10,205,187,72,474
9513,10,216,194,67,487
9526,10,204,193,67,474
9523,10,218,184,65,477
9508,9,242,169,72,492
9512,8,224,179,77,488
9504,6,220,191,79,496
9515,6,204,196,79,485
9511,5,204,198,82,489
9497,5,227,186,85,503
9519,5,206,185,85,481
9499,5,207,202,87,501
9510,5,196,206,83,490
9514,4,197,197,88,486
9517,4,193,200,86,483
9507,4,187,211,91,493
9505,6,193,199,97,495
9482,7,212,194,105,518
9482,7,199,201,111,518
9487,9,192,202,110,513
9499,9,183,198,111,501
9525,12,181,175,107,475
9528,11,190,162,109,472
9522,14,188,167,109,478
9500,14,209,167,110,500
9515,15,196,164,110,485
9519,18,189,162,112,481
9525,17,184,167,107,475
9537,18,168,174,103,463
9570,20,152,161,97,430
9571,22,166,154,87,429
9579,21,170,151,79,421
9569,22,180,161,68,431
9561,27,193,157,62,439
9559,28,193,155,65,441
9545,27,189,181,58,455
9552,29,175,183,61,448
9551,32,177,175,65,449
9555,34,182,164,65,445
9567,34,174,159,66,433
9569,36,168,162,65,431
9558,36,180,162,64,442
9552,37,179,172,60,448
9560,36,176,165,63,440
9551,36,184,161,68,449
9536,35,200,159,70,464
9540,35,200,156,69,460
9525,35,214,157,69,475
9546,31,191,164,68,454
9551,30,183,170,66,449
9539,30,203,164,64,461
9551,32,197,163,57,449
9560,32,184,173,51,440
9543,33,208,173,43,457
9554,32,197,168,49,446
9559,30,204,155,52,441
9558,27,206,160,49,442
9538,27,232,151,52,462
9539,23,219,171,48,461
9526,20,223,185,46,474
9511,20,244,181,44,489
9519,20,230,184,47,481
9517,20,231,183,49,483
9516,18,236,180,50,484
9499,17,254,180,50,501
9494,17,255,187,47,506
9468,19,261,206,46,532
9458,18,269,208,47,542
9445,18,249,240,48,555
9442,18,239,248,53,558
9449,19,208,272,52,551
9462,20,200,269,49,538
9472,21,200,256,51,528
9499,19,208,218,56,501
9494,19,221,209,57,506
9524,18,201,196,61,476
9517,18,198,206,61,483
9505,18,211,196,70,495
9504,18,214,185,79,496
9508,17,201,192,82,492
9508,17,200,191,84,492
9515,17,197,178,93,485
9522,15,188,178,97,478
9512,17,201,173,97,488
9527,17,189,172,95,473
9521,17,199,170,93,479
9510,19,218,164,89,490
9490,20,229,171,90,510
9504,21,207,176,92,496
9519,22,193,173,93,481
9492,27,208,182,91,508
9506,28,198,177,91,494
9507,29,191,183,90,493
9528,31,182,168,91,472
9523,33,185,172,87,477
9493,32,209,177,89,507
9496,35,209,173,87,504
9497,35,202,182,84,503
9514,37,191,177,81,486
9490,36,220,177,77,510
9495,36,221,170,78,505
9498,36,202,193,71,502
9507,38,189,196,70,493
9517,41,179,198,65,483
9516,44,192,187,61,484
9516,46,184,195,59,484
9518,52,185,192,53,482
9543,51,168,181,57,457
9542,51,183,169,55,458
9552,51,177,163,57,448
9543,54,183,160,60,457
9538,56,191,155,60,462
9527,58,196,157,62,473
9514,58,209,156,63,486
9510,57,198,170,65,490
9500,56,191,184,69,500
9498,55,198,179,70,502
9524,55,174,176,71,476
9501,52,193,184,70,499
9510,53,191,182,64,490
9496,54,194,198,58,504
9480,55,217,190,58,520
9481,53,205,202,59,519
9485,53,190,210,62,515
9482,51,179,221,67,518
9478,50,186,216,70,522
9458,50,203,214,75,542
9456,50,206,213,75,544
9456,50,199,220,75,544
9439,53,203,234,71,561
9437,53,190,241,79,563
9445,54,175,244,82,555
9457,53,172,228,90,543
9462,53,180,213,92,538
9475,54,177,200,94,525
9471,53,177,205,94,529
9470,54,168,210,98,530
9489,53,141,213,104,511
9500,53,134,205,108,500
9495,56,150,191,108,505
9510,54,158,175,103,490
9496,56,162,180,106,504
9502,57,161,173,107,498
9513,55,154,168,110,487
9522,54,161,148,115,478
9521,53,167,143,116,479
9512,50,168,154,116,488
9525,47,157,154,117,475
9527,47,172,134,120,473
9515,47,183,138,117,485
9499,47,192,145,117,501
9508,49,177,155,111,492
9490,50,187,167,106,510
9475,50,189,181,105,525
9470,47,185,191,107,530
9475,47,172,205,101,525
9466,47,187,199,101,534
9490,43,159,205,103,510
9474,43,171,207,105,526
9464,45,175,210,106,536
9485,45,169,200,101,515
9491,45,182,182,100,509
9498,46,187,175,94,502
9512,46,174,175,93,488
9505,47,186,170,92,495
9503,50,184,176,87,497
9521,55,173,178,73,479
9512,55,182,174,77,488
9499,54,189,176,82,501
9497,52,171,200,80,503
9483,50,179,212,76,517
9494,47,183,197,79,506
9479,48,189,204,80,521
9487,49,176,209,79,513
9474,48,179,217,82,526
9467,50,193,210,80,533
9448,51,192,222,87,552
9440,52,187,232,89,560
9438,51,176,245,90,562
9454,52,169,231,94,546
9463,52,163,222,100,537
9457,54,175,216,98,543
9458,53,166,222,101,542
9458,51,185,204,102,542
9460,47,174,212,107,540
9468,43,165,209,115,532
9496,40,160,191,113,504
9479,37,175,192,117,521
9474,37,185,184,120,526
9480,38,169,197,116,520
9489,37,164,188,122,511
9476,36,185,180,123,524
9470,37,189,185,119,530
9487,40,159,206,108,513
9477,39,165,209,110,523
9464,39,174,211,112,536
9468,43,178,205,106,532
9486,49,169,198,98,514
9494,49,171,182,104,506
9490,48,186,171,105,510
9476,48,197,172,107,524
9471,47,203,178,101,529
9479,46,189,190,96,521
9478,48,180,200,94,522
9470,50,171,216,93,530
9482,50,167,208,93,518
9504,52,148,201,95,496
9514,52,145,198,91,486
9511,58,157,185,89,489
9525,58,145,194,78,475
9521,57,165,181,76,479
9517,56,176,174,77,483
9515,58,165,185,77,485
9517,58,160,187,78,483
9526,58,156,182,78,474
9530,55,158,181,76,470
9537,52,157,174,80,463
9520,52,184,172,72,480
9534,52,162,183,69,466
9527,51,163,187,72,473
9527,51,146,202,74,473
9526,51,142,207,74,474
9525,47,146,204,78,475
9518,47,150,205,80,482
9514,47,160,198,81,486
9509,47,161,200,83,491
9507,46,156,205,86,493
9500,50,158,206,86,500
9510,51,144,208,87,490
9499,54,163,190,94,501
9490,52,172,183,103,510
9497,53,158,180,112,503
9493,55,156,182,114,507
9502,55,146,180,117,498
9498,55,138,189,120,502
9504,57,124,194,121,496
9506,57,119,189,129,494
9494,57,132,178,139,506
9477,58,155,173,137,523
9476,59,148,179,138,524
9466,59,161,178,136,534
9484,60,143,177,136,516
9495,63,133,172,137,505
9482,61,137,179,141,518
9484,63,142,167,144,516
9463,65,157,170,145,537
9458,65,157,168,152,542
9459,65,159,164,153,541
9469,67,144,165,155,531
9467,69,160,151,153,533
9451,70,178,150,151,549
9443,74,175,167,141,557
9447,80,165,175,133,553
9446,81,156,187,130,554
9442,83,175,171,129,558
9416,85,184,188,127,584
9408,89,185,200,118,592
9408,91,186,199,116,592
9394,96,188,211,111,606
9394,104,188,211,103,606
9392,107,185,215,101,608
9363,106,200,227,104,637
9367,107,193,227,106,633
9357,106,206,217,114,643
9344,105,214,218,119,656
9348,107,203,231,111,652
9338,110,204,239,109,662
9342,109,205,234,110,658
9343,113,191,243,110,657
9341,113,187,249,110,659
9348,113,178,249,112,652
9359,113,179,229,120,641
9371,114,166,227,122,629
9361,115,183,225,116,639
9348,115,205,211,121,652
9328,115,208,223,126,672
9327,120,197,228,128,673
9313,124,196,237,130,687
9339,127,176,229,129,661
9343,130,160,231,136,657
9327,131,182,221,139,673
9327,134,180,218,141,673
9317,137,182,231,133,683
9295,141,193,241,130,705
9292,141,181,254,132,708
9296,140,174,251,139,704
9307,141,182,227,143,693
9306,146,191,215,142,694
9290,146,209,198,157,710
9282,145,189,219,165,718
9277,143,185,221,174,723
9261,142,199,223,175,739
9244,150,213,225,168,756
9245,151,207,226,171,755
9256,149,194,233,168,744
9244,148,205,233,170,756
9236,150,210,237,167,764
9228,150,208,252,162,772
9220,149,213,252,166,780
9212,148,220,255,165,788
9206,151,243,242,158,794
9193,150,256,244,157,807
9180,147,246,272,155,820
9180,151,251,264,154,820
9179,147,250,278,146,821
9188,143,240,276,153,812
9167,142,265,277,149,833
9156,143,270,284,147,844
9158,143,265,286,148,842
9149,142,271,290,148,851
9140,140,273,303,144,860
9153,136,265,309,137,847
9141,135,263,329,132,859
9141,139,266,329,125,859
9130,140,275,326,129,870
9133,138,265,334,130,867
9128,144,270,340,118,872
9118,143,291,335,113,882
9100,146,298,336,120,900
9086,147,268,371,128,914
9100,145,249,368,138,900
9096,142,232,387,143,904
9109,143,226,372,150,891
9113,138,229,359,161,887
9108,136,243,347,166,892
9099,131,256,349,165,901
9091,127,264,348,170,909
9077,123,281,339,180,923
9100,122,261,335,182,900
9096,121,263,334,186,904
9080,119,279,328,194,920
9073,113,288,323,203,927
9067,108,272,346,207,933
9050,108,283,354,205,950
9034,109,313,337,207,966
9020,110,300,367,203,980
9010,111,315,367,197,990
9010,111,305,374,200,990
9023,110,278,391,198,977
9044,106,279,382,189,956
9042,101,281,381,195,958
9031,97,315,364,193,969
9022,92,301,395,190,978
9027,93,308,377,195,973
9043,91,308,369,189,957
9051,85,311,369,184,949
9013,85,332,383,187,987
9008,86,319,384,203,992
9039,84,278,392,207,961
9050,88,275,376,211,950
9045,93,293,353,216,955
9050,93,300,339,218,950
9047,90,309,335,219,953
9069,88,296,324,223,931
9058,85,311,321,225,942
9048,87,316,329,220,952
9053,90,288,353,216,947
9060,92,302,339,207,940
9052,93,312,342,201,948
9021,96,332,356,195,979
8994,100,332,386,188,1006
9007,100,319,392,182,993
8997,100,316,409,178,1003
8983,101,313,423,180,1017
8988,98,298,433,183,1012
8986,97,302,432,183,1014
8982,97,309,436,176,1018
8980,98,324,418,180,1020
8981,97,310,426,186,1019
8971,96,297,443,193,1029
8966,99,301,434,200,1034
8977,96,278,427,222,1023
9001,94,260,410,235,999
8983,92,299,385,241,1017
8970,90,304,392,244,1030
8970,85,283,405,257,1030
8979,86,267,397,271,1021
8984,86,261,396,273,1016
8963,91,282,393,271,1037
8964,94,286,382,274,1036
8962,98,274,386,280,1038
8960,100,282,375,283,1040
8973,105,272,364,286,1027
8984,108,252,376,280,1016
8979,105,282,348,286,1021
9016,106,268,326,284,984
9022,103,274,312,289,978
9012,99,305,298,286,988
8969,96,355,301,279,1031
8960,95,309,354,282,1040
8968,92,286,368,286,1032
8991,92,277,356,284,1009
8951,93,312,360,284,1049
8951,97,303,365,284,1049
8962,98,272,391,277,1038
8970,99,268,389,274,1030
8962,103,279,387,269,1038
8948,108,307,369,268,1052
8929,113,316,386,256,1071
8933,119,313,391,244,1067
8927,124,322,368,259,1073
8937,127,301,375,260,1063
8943,133,312,357,255,1057
8928,134,338,354,246,1072
8927,135,321,371,246,1073
8913,140,326,377,244,1087
8892,148,339,382,239,1108
8860,154,345,412,229,1140
8859,156,329,436,220,1141
8834,156,350,438,222,1166
8827,154,351,443,225,1173
8831,164,338,455,212,1169
8837,162,319,470,212,1163
8827,169,323,484,197,1173
8825,172,314,487,202,1175
8829,176,301,491,203,1171
8828,176,317,482,197,1172
8789,175,367,459,210,1211
8764,172,372,480,212,1236
8771,175,334,499,221,1229
8780,176,331,487,226,1220
8778,177,325,483,237,1222
8811,177,308,457,247,1189
8817,175,313,445,250,1183
8807,172,322,431,268,1193
8818,169,319,421,273,1182
8823,167,337,392,281,1177
8787,170,361,397,285,1213
8774,164,356,420,286,1226
8773,167,349,420,291,1227
8753,167,359,419,302,1247
8745,171,330,444,310,1255
8752,171,313,450,314,1248
8769,174,305,436,316,1231
8766,177,331,420,306,1234
8762,172,357,410,299,1238
8780,170,326,429,295,1220
8777,165,314,448,296,1223
8794,164,304,444,294,1206
8819,163,303,415,300,1181
8824,163,309,403,301,1176
8837,164,303,387,309,1163
8844,162,288,385,321,1156
8837,164,306,373,320,1163
8845,170,300,366,319,1155
8833,174,296,381,316,1167
8828,183,291,387,311,1172
8805,184,319,383,309,1195
8797,188,318,383,314,1203
8779,190,334,379,318,1221
8756,194,338,401,311,1244
8738,199,349,413,301,1262
8735,195,340,433,297,1265
8735,200,331,449,285,1265
8740,204,321,461,274,1260
8729,205,311,479,276,1271
8720,207,319,486,268,1280
8710,212,331,486,261,1290
8693,219,338,491,259,1307
8713,230,311,480,266,1287
8724,234,289,481,272,1276
8734,234,297,454,281,1266
8741,236,313,413,297,1259
8711,239,344,395,311,1289
8690,241,347,409,313,1310
8699,241,308,429,323,1301
8714,244,301,412,329,1286
8720,244,301,401,334,1280
8731,246,286,388,349,1269
8755,246,271,376,352,1245
8755,247,294,343,361,1245
8736,247,312,343,362,1264
8734,246,318,343,359,1266
8732,246,324,343,355,1268
8711,244,342,353,350,1289
8720,245,329,354,352,1280
8706,245,338,365,346,1294
8713,248,331,360,348,1287
8705,252,336,364,343,1295
8705,253,329,370,343,1295
8687,260,349,375,329,1313
8661,262,360,394,323,1339
8670,265,332,415,318,1330
8678,263,322,421,316,1322
8696,269,333,391,311,1304
8669,269,337,407,318,1331
8671,270,337,404,318,1329
8678,274,332,411,305,1322
8676,281,364,386,293,1324
8664,286,381,382,287,1336
8652,287,362,420,279,1348
8639,294,367,431,269,1361
8673,295,324,437,271,1327
8688,299,334,416,263,1312
8669,309,363,410,249,1331
8651,312,377,424,236,1349
8658,318,355,437,232,1342
8649,321,369,438,223,1351
8659,320,356,440,225,1341
8642,328,373,451,206,1358
8640,327,370,456,207,1360
8663,323,349,447,218,1337
8679,324,333,450,214,1321
8688,322,334,432,224,1312
8697,325,330,423,225,1303
8708,324,335,398,235,1292
8719,327,333,388,233,1281
8731,327,314,396,232,1269
8723,328,329,389,231,1277
8705,326,345,389,235,1295
8694,321,351,388,246,1306
8714,320,316,398,252,1286
8694,315,335,389,267,1306
8703,308,351,361,277,1297
8690,303,363,370,274,1310
8695,298,349,379,279,1305
8707,295,332,385,281,1293
8713,293,338,371,285,1287
8725,295,322,372,286,1275
8700,293,340,382,285,1300
8681,292,345,392,290,1319
8695,290,319,405,291,1305
8687,291,303,428,291,1313
8694,290,304,420,292,1306
8687,290,318,412,293,1313
8681,293,323,403,300,1319
8656,291,341,409,303,1344
8648,297,329,422,304,1352
8646,299,321,422,312,1354
8643,303,319,420,315,1357
8637,312,318,419,314,1363
8614,318,335,421,312,1386
8621,319,336,403,321,1379
8630,322,323,408,317,1370
8619,331,344,390,316,1381
8594,339,348,407,312,1406
8611,347,334,406,302,1389
8630,356,323,398,293,1370
8635,365,331,378,291,1365
8634,374,334,372,286,1366
8644,383,312,380,281,1356
8639,392,328,367,274,1361
8623,406,357,344,270,1377
8609,409,345,366,271,1391
8609,413,326,373,279,1391
8603,412,337,372,276,1397
8616,413,317,377,277,1384
8616,415,312,383,274,1384
8627,412,310,379,272,1373
8634,414,310,377,265,1366
8634,410,316,376,264,1366
8640,410,324,370,256,1360
8647,407,313,378,255,1353
8667,401,301,376,255,1333
8688,402,298,361,251,1312
8668,401,342,346,243,1332
8666,396,349,350,239,1334
8663,389,327,380,241,1337
8658,384,328,389,241,1342
8646,381,330,400,243,1354
8636,379,342,401,242,1364
8624,381,345,407,243,1376
8607,383,331,443,236,1393
8596,382,341,454,227,1404
8577,379,352,465,227,1423
8549,376,357,486,232,1451
8554,378,320,515,233,1446
8570,382,297,519,232,1430
8592,388,291,480,249,1408
8577,387,321,458,257,1423
8572,390,323,458,257,1428
8594,397,293,463,253,1406
8589,403,317,434,257,1411
8561,405,364,410,260,1439
8551,406,346,435,262,1449
8542,407,340,445,266,1458
8569,408,323,438,262,1431
8569,408,331,428,264,1431
8569,408,323,432,268,1431
8567,404,313,446,270,1433
8543,407,327,456,267,1457
8550,407,308,462,273,1450
8536,412,322,460,270,1464
8535,417,333,450,265,1465
8513,420,340,453,274,1487
8493,421,349,450,287,1507
8525,420,315,447,293,1475
8496,420,339,441,304,1504
8482,422,360,427,309,1518
8485,424,359,414,318,1515
8491,424,360,390,335,1509
8516,423,340,377,344,1484
8520,415,336,374,355,1480
8516,412,334,374,364,1484
8537,414,319,379,351,1463
8516,412,324,393,355,1484
8521,415,319,393,352,1479
8527,420,290,419,344,1473
8528,421,298,420,333,1472
8524,419,313,413,331,1476
8531,418,335,393,323,1469
8510,418,349,403,320,1490
8490,419,358,411,322,1510
8467,418,375,412,328,1533
8463,417,351,444,325,1537
8458,416,361,437,328,1542
8440,420,374,432,334,1560
8434,420,363,453,330,1566
8471,419,336,442,332,1529
8455,423,353,448,321,1545
8469,423,355,441,312,1531
8486,426,348,434,306,1514
8459,427,376,430,308,1541
8441,432,390,433,304,1559
8425,439,390,442,304,1575
8406,449,392,456,297,1594
8433,456,362,469,280,1567
8464,466,351,444,275,1536
8480,474,356,429,261,1520
8486,484,379,406,245,1514
8492,484,391,396,237,1508
8498,485,395,393,229,1502
8505,487,387,394,227,1495
8520,486,387,383,224,1480
8533,482,374,389,222,1467
8530,478,389,376,227,1470
8534,474,409,361,222,1466
8542,469,403,370,216,1458
8502,466,440,376,216,1498
8489,462,422,418,209,1511
8489,462,412,433,204,1511
8497,459,397,448,199,1503
8459,460,427,455,199,1541
8426,460,446,468,200,1574
8414,466,412,506,202,1586
8431,471,385,509,204,1569
8427,475,393,507,198,1573
8415,481,403,503,198,1585
8423,485,388,497,207,1577
8434,479,389,485,213,1566
8400,477,416,486,221,1600
8397,477,424,468,234,1603
8406,479,399,480,236,1594
8389,479,405,477,250,1611
8392,479,406,462,261,1608
8388,479,410,455,268,1612
8346,480,438,459,277,1654
8350,481,427,469,273,1650
8356,479,411,477,277,1644
8355,480,417,470,278,1645
8361,483,399,477,280,1639
8358,481,388,496,277,1642
8341,477,400,502,280,1659
8313,476,409,505,297,1687
8298,474,405,522,301,1702
8304,478,403,519,296,1696
8327,475,379,524,295,1673
8341,476,369,518,296,1659
8322,471,400,507,300,1678
8319,463,402,502,314,1681
8318,460,387,510,325,1682
8317,462,383,507,331,1683
8305,459,403,501,332,1695
8305,461,401,499,334,1695
8324,460,385,486,345,1676
8317,460,397,475,351,1683
8336,461,385,464,354,1664
8293,464,407,472,364,1707
8313,467,389,469,362,1687
8313,465,403,450,369,1687
8331,467,403,432,367,1669
8314,468,419,437,362,1686
8296,471,429,448,356,1704
8294,473,426,452,355,1706
8266,473,430,481,350,1734
8252,480,448,480,340,1748
8290,476,410,484,340,1710
8291,482,423,471,333,1709
8273,481,453,462,331,1727
8294,480,461,447,318,1706
8305,476,449,449,321,1695
8307,476,447,452,318,1693
8313,483,453,448,303,1687
8311,484,490,417,298,1689
8261,482,515,440,302,1739
8277,481,490,446,306,1723
8264,478,482,471,305,1736
8231,478,505,481,305,1769
8230,482,488,503,297,1770
8238,482,478,514,288,1762
8220,485,473,548,274,1780
8219,488,472,544,277,1781
8197,487,465,566,285,1803
8187,496,447,589,281,1813
8151,500,472,597,280,1849
8163,504,449,598,286,1837
8158,513,453,588,288,1842
8131,515,480,577,297,1869
8116,518,520,546,300,1884
8096,519,520,555,310,1904
8105,524,514,557,300,1895
8084,527,516,567,306,1916
8050,529,535,577,309,1950
8075,526,524,570,305,1925
8067,520,513,585,315,1933
8066,516,518,576,324,1934
8072,512,483,606,327,1928
8061,511,501,600,327,1939
8056,505,500,615,324,1944
8050,510,473,651,316,1950
8045,508,486,639,322,1955
8062,508,466,642,322,1938
8041,509,471,652,327,1959
8028,508,477,652,335,1972
8017,510,480,648,345,1983
7985,507,482,653,373,2015
7976,508,452,667,397,2024
7986,506,427,668,413,2014
8023,502,417,634,424,1977
8040,499,433,592,436,1960
8067,500,429,559,445,1933
8059,506,442,540,453,1941
8049,509,442,545,455,1951
8038,509,432,561,460,1962
8018,507,483,516,476,1982
8053,518,460,512,457,1947
8054,528,474,488,456,1946
8036,528,508,476,452,1964
8033,535,490,499,443,1967
8021,538,469,533,439,1979
8013,540,468,551,428,1987
8052,540,429,558,421,1948
8071,542,405,563,419,1929
8084,540,403,555,418,1916
8104,544,407,541,404,1896
8102,544,430,533,391,1898
8098,541,447,530,384,1902
8115,538,434,537,376,1885
8129,542,404,558,367,1871
8141,541,401,543,374,1859
8156,538,418,505,383,1844
8163,549,431,476,381,1837
8135,555,446,485,379,1865
8137,563,452,472,376,1863
8118,574,459,485,364,1882
8104,578,460,511,347,1896
8120,583,417,538,342,1880
8122,587,411,545,335,1878
8115,586,425,540,334,1885
8109,586,434,520,351,1891
8119,595,440,501,345,1881
8113,600,431,509,347,1887
8104,601,449,501,345,1896
8109,606,434,505,346,1891
8107,610,415,528,340,1893
8105,614,419,522,340,1895
8086,614,443,515,342,1914
8061,613,436,538,352,1939
8030,612,457,544,357,1970
8017,609,449,564,361,1983
8005,605,450,573,367,1995
8023,600,442,562,373,1977
8041,599,432,543,385,1959
8019,600,444,550,387,1981
7987,601,459,563,390,2013
7946,599,491,555,409,2054
7932,596,484,569,419,2068
7911,593,482,588,426,2089
7897,593,482,594,434,2103
7904,598,459,612,427,2096
7904,602,431,639,424,2096
7885,608,429,650,428,2115
7895,614,418,650,423,2105
7882,611,418,656,433,2118
7905,617,400,631,447,2095
7896,619,412,622,451,2104
7918,624,393,602,463,2082
7910,633,369,628,460,2090
7880,645,394,605,476,2120
7920,647,366,579,488,2080
7922,653,367,555,503,2078
7884,660,417,532,507,2116
7869,672,421,536,502,2131
7896,672,392,529,511,2104
7902,680,398,515,505,2098
7879,687,404,527,503,2121
7847,691,417,546,499,2153
7826,696,401,583,494,2174
7826,697,399,577,501,2174
7823,695,402,575,505,2177
7827,696,394,572,511,2173
7831,698,399,577,495,2169
7833,697,413,569,488,2167
7811,703,432,589,465,2189
7788,707,452,596,457,2212
7782,710,452,600,456,2218
7797,716,442,602,443,2203
7776,726,460,599,439,2224
7741,738,478,603,440,2259
7741,743,472,601,443,2259
7725,746,492,583,454,2275
7718,746,486,597,453,2282
7701,750,493,607,449,2299
7692,755,484,629,440,2308
7712,762,424,653,449,2288
7695,773,418,666,448,2305
7671,779,450,646,454,2329
7653,791,415,679,462,2347
7640,799,425,661,475,2360
7634,808,402,671,485,2366
7623,818,393,680,486,2377
7638,822,387,649,504,2362
7639,828,387,630,516,2361
7626,833,388,620,533,2374
7596,842,407,607,548,2404
7569,846,432,578,575,2431
7566,856,415,568,595,2434
7540,862,448,559,591,2460
7535,865,456,554,590,2465
7509,876,476,559,580,2491
7505,882,482,561,570,2495
7494,889,472,581,564,2506
7497,887,460,597,559,2503
7491,887,457,601,564,2509
7475,885,455,627,558,2525
7414,892,481,650,563,2586
7446,897,454,631,572,2554
7441,904,446,643,566,2559
7412,908,469,644,567,2588
7405,921,468,638,568,2595
7409,926,444,646,575,2591
7378,934,442,659,587,2622
7374,941,469,629,587,2626
7335,950,485,634,596,2665
7323,948,483,638,608,2677
7315,945,478,652,610,2685
7293,959,486,661,601,2707
7293,979,494,638,596,2707
7299,991,470,654,586,2701
7309,997,487,641,566,2691
7328,1007,486,628,551,2672
7342,1018,489,614,537,2658
7313,1025,530,613,519,2687
7332,1037,535,580,516,2668
7327,1049,526,600,498,2673
7302,1053,540,620,485,2698
7276,1045,567,634,478,2724
7301,1054,542,633,470,2699
7301,1060,530,645,464,2699
7234,1069,588,644,465,2766
7238,1081,570,665,446,2762
7215,1082,573,697,433,2785
7220,1088,564,698,430,2780
7189,1094,597,689,431,2811
7175,1100,607,679,439,2825
7178,1114,594,679,435,2822
7185,1118,583,698,416,2815
7169,1127,569,732,403,2831
7158,1139,584,720,399,2842
7165,1152,572,723,388,2835
7139,1158,591,727,385,2861
7129,1162,612,736,361,2871
7110,1165,611,743,371,2890
7140,1158,574,759,369,2860
7122,1156,600,749,373,2878
7076,1153,661,732,378,2924
7088,1151,632,754,375,2912
7058,1149,632,790,371,2942
7052,1150,614,813,371,2948
7017,1149,603,860,371,2983
7010,1142,599,870,379,2990
7034,1144,560,887,375,2966
6975,1143,620,874,388,3025
6966,1142,634,865,393,3034
6958,1140,614,879,409,3042
6961,1137,603,879,420,3039
6944,1138,586,899,433,3056
6984,1131,571,859,455,3016
6975,1136,619,807,463,3025
6981,1138,618,790,473,3019
6960,1139,594,816,491,3040
6938,1141,604,805,512,3062
6924,1143,604,814,515,3076
6930,1151,581,817,521,3070
6936,1158,608,779,519,3064
6927,1155,606,787,525,3073
6922,1155,605,781,537,3078
6919,1154,605,769,553,3081
6944,1157,577,763,559,3056
6944,1153,607,724,572,3056
6928,1151,613,730,578,3072
6935,1157,609,718,581,3065
6901,1161,604,755,579,3099
6888,1169,603,756,584,3112
6892,1178,579,772,579,3108
6902,1179,557,774,588,3098
6861,1183,590,771,595,3139
6854,1188,598,766,594,3146
6855,1193,556,791,605,3145
6854,1199,551,791,605,3146
6866,1204,551,765,614,3134
6882,1206,546,746,620,3118
6863,1209,548,747,633,3137
6877,1214,551,719,639,3123
6844,1222,586,707,641,3156
6806,1224,599,719,652,3194
6808,1245,571,742,634,3192
6781,1249,582,761,627,3219
6806,1259,543,766,626,3194
6811,1268,546,744,631,3189
6819,1280,573,722,606,3181
6833,1287,562,719,599,3167
6818,1297,588,718,579,3182
6807,1313,592,720,568,3193
6825,1321,571,730,553,3175
6835,1330,540,765,530,3165
6818,1336,572,750,524,3182
6808,1338,595,734,525,3192
6762,1348,606,764,520,3238
6756,1353,595,777,519,3244
6770,1356,577,776,521,3230
6748,1359,582,788,523,3252
6739,1361,584,809,507,3261
6748,1360,602,784,506,3252
6744,1364,607,776,509,3256
6734,1362,604,784,516,3266
6685,1370,636,779,530,3315
6688,1371,613,803,525,3312
6720,1373,553,827,527,3280
6704,1377,602,790,527,3296
6710,1379,615,767,529,3290
6679,1374,633,780,534,3321
6668,1381,629,783,539,3332
6661,1390,631,776,542,3339
6652,1394,612,799,543,3348
6621,1400,631,787,561,3379
6630,1404,601,795,570,3370
6608,1411,603,799,579,3392
6593,1422,603,814,568,3407
6555,1423,601,844,577,3445
6550,1426,575,884,565,3450
6564,1429,542,892,573,3436
6559,1437,556,870,578,3441
6539,1439,598,827,597,3461
6555,1448,587,813,597,3445
6538,1457,588,814,603,3462
6526,1466,602,794,612,3474
6530,1474,589,794,613,3470
6539,1479,540,822,620,3461
6551,1484,538,802,625,3449
6535,1490,577,767,631,3465
6547,1493,548,780,632,3453
6558,1498,560,745,639,3442
6559,1508,551,756,626,3441
6548,1513,557,750,632,3452
6531,1518,571,751,629,3469
6553,1520,557,725,645,3447
6562,1528,521,749,640,3438
6591,1536,511,709,653,3409
6599,1545,521,686,649,3401
6606,1551,534,680,629,3394
6597,1559,554,677,613,3403
6594,1566,561,674,605,3406
6579,1579,584,668,590,3421
6561,1588,604,682,565,3439
6582,1594,587,681,556,3418
6552,1605,617,687,539,3448
6547,1614,602,698,539,3453
6564,1625,584,691,536,3436
6612,1631,549,681,527,3388
6556,1637,577,717,513,3444
6547,1645,595,718,495,3453
6528,1651,595,738,488,3472
6542,1655,572,736,495,3458
6537,1655,549,758,501,3463
6558,1658,549,733,502,3442
6556,1663,552,729,500,3444
6566,1663,553,713,505,3434
6598,1661,547,689,505,3402
6610,1656,545,681,508,3390
6608,1651,576,671,494,3392
6619,1643,601,644,493,3381
6608,1640,600,670,482,3392
6621,1639,564,694,482,3379
6629,1634,532,725,480,3371
6634,1632,539,707,488,3366
6630,1628,543,717,482,3370
6622,1631,550,728,469,3378
6659,1625,522,738,456,3341
6641,1612,556,740,451,3359
6666,1607,558,727,442,3334
6666,1594,561,748,431,3334
6653,1586,547,772,442,3347
6647,1573,567,761,452,3353
6644,1566,581,750,459,3356
6643,1557,569,775,456,3357
6683,1539,534,785,459,3317
6671,1528,555,783,463,3329
6623,1523,607,769,478,3377
6612,1508,591,805,484,3388
6592,1495,573,851,489,3408
6596,1492,531,882,499,3404
6635,1494,510,860,501,3365
6649,1492,535,809,515,3351
6643,1489,567,772,529,3357
6597,1489,629,754,531,3403
6590,1490,616,779,525,3410
6580,1485,600,798,537,3420
6565,1477,613,787,558,3435
6563,1480,592,803,562,3437
6532,1478,590,826,574,3468
6535,1472,588,814,591,3465
6509,1475,597,824,595,3491
6525,1477,590,812,596,3475
6497,1479,604,828,592,3503
6465,1483,588,870,594,3535
6483,1487,570,855,605,3517
6487,1493,552,855,613,3513
6497,1498,537,849,619,3503
6516,1501,508,852,623,3484
6506,1497,530,824,643,3494
6518,1501,544,788,649,3482
6501,1504,570,782,643,3499
6488,1501,587,782,642,3512
6460,1496,616,784,644,3540
6460,1492,621,771,656,3540
6436,1491,630,771,672,3564
6412,1495,645,769,679,3588
6367,1492,665,788,688,3633
6362,1488,643,817,690,3638
6400,1493,600,821,686,3600
6396,1495,614,820,675,3604
6418,1495,596,826,665,3582
6397,1505,608,830,660,3603
6387,1505,613,831,664,3613
6395,1504,591,849,661,3605
6384,1511,607,851,647,3616
6359,1527,645,842,627,3641
6380,1524,628,834,634,3620
6336,1524,665,836,639,3664
6320,1535,657,846,642,3680
6311,1530,633,873,653,3689
6322,1527,633,853,665,3678
6311,1521,639,853,676,3689
6341,1522,597,851,689,3659
6311,1522,647,827,693,3689
6322,1527,641,820,690,3678
6311,1536,639,831,683,3689
6322,1540,636,838,664,3678
6327,1546,627,840,660,3673
6348,1556,598,840,658,3652
6317,1559,618,851,655,3683
6286,1562,632,862,658,3714
6262,1568,627,889,654,3738
6235,1574,621,907,663,3765
6189,1578,661,905,667,3811
6160,1582,675,915,668,3840
6170,1583,682,899,666,3830
6178,1583,666,902,671,3822
6185,1582,655,900,678,3815
6145,1573,670,933,679,3855
6146,1567,668,928,691,3854
6073,1567,698,979,683,3927
6055,1563,702,982,698,3945
6024,1560,735,981,700,3976
5999,1555,746,992,708,4001
5976,1554,758,1005,707,4024
5960,1556,745,1033,706,4040
5937,1565,741,1063,694,4063
5929,1569,770,1057,675,4071
5895,1579,792,1063,671,4105
5842,1591,817,1089,661,4158
5859,1590,769,1122,660,4141
5870,1590,736,1139,665,4130
5842,1591,761,1135,671,4158
5814,1598,766,1152,670,4186
5818,1599,734,1176,673,4182
5762,1597,771,1181,689,4238
5759,1599,742,1192,708,4241
5766,1601,705,1199,729,4234
5793,1601,678,1177,751,4207
5795,1603,684,1141,777,4205
5784,1613,725,1082,796,4216
5799,1616,712,1073,800,4201
5781,1625,723,1065,806,4219
5745,1635,734,1065,821,4255
5768,1645,695,1064,828,4232
5742,1652,707,1065,834,4258
5766,1663,702,1034,835,4234
5771,1667,698,1036,828,4229
5772,1670,717,1012,829,4228
5789,1674,737,982,818,4211
5788,1680,750,974,808,4212
5761,1683,770,999,787,4239
5778,1690,750,1005,777,4222
5759,1694,749,1023,775,4241
5727,1698,741,1044,790,4273
5712,1701,768,1027,792,4288
5694,1700,776,1046,784,4306
5701,1689,771,1063,776,4299
5635,1686,842,1066,771,4365
5606,1693,855,1096,750,4394
5626,1702,786,1142,744,4374
5635,1708,751,1170,736,4365
5603,1711,742,1206,738,4397
5617,1719,727,1198,739,4383
5615,1719,744,1182,740,4385
5574,1727,775,1182,742,4426
5548,1727,795,1181,749,4452
5569,1736,770,1165,760,4431
5569,1738,757,1167,769,4431
5517,1740,805,1161,777,4483
5508,1734,824,1150,784,4492
5493,1744,793,1183,787,4507
5451,1747,804,1195,803,4549
5450,1752,780,1206,812,4550
5420,1759,804,1200,817,4580
5421,1765,809,1186,819,4579
5415,1773,801,1196,815,4585
5410,1780,831,1169,810,4590
5413,1778,819,1181,809,4587
5413,1774,806,1194,813,4587
5374,1775,811,1215,825,4626
5332,1779,831,1221,837,4668
5326,1779,815,1226,854,4674
5331,1777,821,1199,872,4669
5337,1783,792,1204,884,4663
5318,1786,801,1206,889,4682
5296,1782,804,1236,882,4704
5286,1790,809,1221,894,4714
5283,1796,794,1223,904,4717
5259,1808,793,1232,908,4741
5240,1810,819,1200,931,4760
5216,1821,827,1195,941,4784
5178,1835,851,1193,943,4822
5144,1837,838,1210,971,4856
5139,1841,827,1215,978,4861
5102,1846,828,1206,1018,4898
5046,1856,847,1197,1054,4954
5013,1867,828,1220,1072,4987
4952,1885,852,1230,1081,5048
4952,1894,826,1242,1086,5048
4946,1908,830,1230,1086,5054
4922,1926,849,1228,1075,5078
4921,1934,837,1229,1079,5079
4903,1948,836,1232,1081,5097
4879,1963,850,1229,1079,5121
4830,1968,885,1222,1095,5170
4813,1979,847,1251,1110,5187
4786,1988,826,1268,1132,5214
4759,2001,827,1264,1149,5241
4746,2019,837,1242,1156,5254
4711,2030,848,1241,1170,5289
4693,2042,853,1231,1181,5307
4688,2061,829,1247,1175,5312
4656,2084,845,1245,1170,5344
4648,2095,833,1254,1170,5352
4632,2108,832,1262,1166,5368
4615,2114,840,1272,1159,5385
4615,2135,820,1285,1145,5385
4597,2154,825,1281,1143,5403
4593,2181,843,1245,1138,5407
4577,2195,836,1258,1134,5423
4572,2221,815,1279,1113,5428
4548,2237,783,1325,1107,5452
4533,2257,800,1299,1111,5467
4532,2286,771,1316,1095,5468
4523,2308,748,1317,1104,5477
4509,2318,740,1331,1102,5491
4485,2340,761,1310,1104,5515
4504,2357,757,1284,1098,5496
4501,2372,779,1242,1106,5499
4483,2383,798,1230,1106,5517
4457,2399,782,1259,1103,5543
4460,2413,765,1253,1109,5540
4451,2427,759,1232,1131,5549
4454,2443,745,1218,1140,5546
4449,2456,754,1186,1155,5551
4458,2472,761,1154,1155,5542
4438,2487,759,1173,1143,5562
4438,2490,731,1195,1146,5562
4412,2508,760,1175,1145,5588
4367,2522,775,1183,1153,5633
4314,2537,823,1182,1144,5686
4300,2555,802,1203,1140,5700
4260,2571,797,1234,1138,5740
4252,2582,777,1247,1142,5748
4217,2589,779,1258,1157,5783
4240,2595,741,1232,1192,5760
4213,2607,744,1229,1207,5787
4206,2631,739,1217,1207,5794
4183,2644,737,1227,1209,5817
4176,2645,754,1220,1205,5824
4147,2649,790,1196,1218,5853
4144,2667,783,1187,1219,5856
4158,2672,769,1155,1246,5842
4134,2686,748,1172,1260,5866
4094,2695,755,1173,1283,5906
4083,2715,728,1194,1280,5917
4083,2731,704,1204,1278,5917
4059,2736,720,1203,1282,5941
4068,2746,693,1211,1282,5932
4065,2759,708,1199,1269,5935
4092,2773,706,1184,1245,5908
4078,2792,734,1168,1228,5922
4005,2814,809,1158,1214,5995
3985,2832,775,1180,1228,6015
3970,2847,759,1160,1264,6030
3918,2859,791,1162,1270,6082
3877,2868,785,1180,1290,6123
3841,2887,756,1215,1301,6159
3836,2917,701,1237,1309,6164
3808,2926,704,1234,1328,6192
3810,2948,667,1253,1322,6190
3794,2972,682,1244,1308,6206
3821,2989,674,1212,1304,6179
3801,3015,687,1196,1301,6199
3773,3048,709,1187,1283,6227
3738,3073,710,1187,1292,6262
3706,3090,711,1183,1310,6294
3719,3110,684,1168,1319,6281
3675,3128,704,1142,1351,6325
3683,3154,679,1113,1371,6317
3693,3184,657,1119,1347,6307
3671,3208,690,1106,1325,6329
3684,3241,700,1075,1300,6316
3696,3276,693,1060,1275,6304
3668,3288,701,1080,1263,6332
3652,3296,722,1082,1248,6348
3662,3304,724,1064,1246,6338
3654,3299,724,1069,1254,6346
3643,3310,726,1064,1257,6357
3624,3307,730,1085,1254,6376
3600,3303,700,1143,1254,6400
