3285,0,3302,3413,0,6715
8512,0,715,773,0,1488
8855,0,552,593,0,1145
8916,0,526,558,0,1084
8946,0,499,555,0,1054
8958,0,501,541,0,1042
8978,0,502,520,0,1022
8986,0,514,500,0,1014
9014,0,524,462,0,986
9044,0,511,445,0,956
9059,0,515,426,0,941
9059,0,533,408,0,941
9051,0,548,401,0,949
8989,0,587,424,0,1011
8993,0,590,417,0,1007
8938,0,601,461,0,1062
8917,0,625,458,0,1083
8890,0,639,471,0,1110
8811,0,675,514,0,1189
8774,0,716,510,0,1226
8703,0,780,517,0,1297
8661,0,819,520,0,1339
8621,0,861,518,0,1379
8551,0,904,545,0,1449
8512,0,931,557,0,1488
8404,0,1015,581,0,1596
8338,0,1057,605,0,1662
8289,0,1082,629,0,1711
8181,0,1143,676,0,1819
8081,0,1208,711,0,1919
8010,0,1265,725,0,1990
7937,0,1322,741,0,2063
7860,0,1375,765,0,2140
7766,0,1413,821,0,2234
7686,0,1464,850,0,2314
7579,0,1529,892,0,2421
7462,0,1606,932,0,2538
7333,0,1708,959,0,2667
7194,0,1813,993,0,2806
7098,0,1867,1035,0,2902
6931,0,1983,1086,0,3069
6779,0,2080,1141,0,3221
6646,0,2169,1185,0,3354
6518,0,2265,1217,0,3482
6407,0,2352,1241,0,3593
6245,0,2474,1281,0,3755
6104,0,2574,1322,0,3896
5992,0,2656,1352,0,4008
5852,0,2735,1413,0,4148
5739,0,2815,1446,0,4261
5591,0,2921,1488,0,4409
5469,0,3012,1519,0,4531
5347,0,3118,1535,0,4653
5231,0,3220,1549,0,4769
5100,0,3328,1572,0,4900
4952,0,3432,1616,0,5048
4817,0,3531,1652,0,5183
4638,0,3687,1675,0,5362
4477,0,3798,1725,0,5523
4325,0,3917,1758,0,5675
4176,0,4037,1787,0,5824
4051,0,4150,1799,0,5949
3886,0,4274,1840,0,6114
3755,0,4368,1877,0,6245
3643,0,4437,1920,0,6357
3503,0,4537,1960,0,6497
3383,0,4629,1988,0,6617
3214,0,4738,2048,0,6786
3068,0,4848,2084,0,6932
2946,0,4951,2103,0,7054
2841,0,5027,2132,0,7159
2722,0,5107,2171,0,7278
2587,0,5193,2220,0,7413
2462,0,5302,2236,0,7538
2385,0,5361,2254,0,7615
2288,0,5455,2257,0,7712
2171,0,5522,2307,0,7829
2091,0,5589,2320,0,7909
2017,0,5631,2352,0,7983
1905,0,5700,2395,0,8095
1819,0,5751,2430,0,8181
1758,0,5798,2444,0,8242
1664,0,5861,2475,0,8336
1593,0,5922,2485,0,8407
1512,0,5989,2499,0,8488
1433,0,6064,2503,0,8567
1294,0,6173,2533,0,8706
1226,0,6241,2533,0,8774
1161,0,6291,2548,0,8839
1113,0,6335,2552,0,8887
1065,0,6380,2555,0,8935
1038,0,6400,2562,0,8962
980,0,6432,2588,0,9020
947,0,6451,2602,0,9053
911,0,6480,2609,0,9089
862,0,6511,2627,0,9138
848,0,6523,2629,0,9152
784,0,6569,2647,0,9216
740,0,6617,2643,0,9260
707,0,6629,2664,0,9293
656,0,6684,2660,0,9344
628,0,6706,2666,0,9372
639,0,6706,2655,0,9361
609,0,6739,2652,0,9391
601,0,6745,2654,0,9399
572,0,6767,2661,0,9428
563,0,6766,2671,0,9437
535,0,6782,2683,0,9465
498,0,6816,2686,0,9502
471,0,6839,2690,0,9529
481,0,6827,2692,0,9519
479,0,6826,2695,0,9521
480,0,6830,2690,0,9520
478,0,6836,2686,0,9522
451,0,6864,2685,0,9549
463,0,6865,2672,0,9537
467,0,6874,2659,0,9533
460,0,6878,2662,0,9540
439,0,6891,2670,0,9561
396,0,6917,2687,0,9604
410,0,6918,2672,0,9590
400,0,6926,2674,0,9600
394,0,6944,2662,0,9606
389,0,6948,2663,0,9611
365,0,6971,2664,0,9635
357,0,6966,2677,0,9643
343,0,6984,2673,0,9657
344,0,6985,2671,0,9656
354,0,6988,2658,0,9646
359,0,6974,2667,0,9641
380,0,6960,2660,0,9620
381,0,6971,2648,0,9619
348,0,6983,2669,0,9652
336,0,6997,2667,0,9664
345,0,6985,2670,0,9655
319,0,7006,2675,0,9681
320,0,7000,2680,0,9680
301,0,7001,2698,0,9699
298,0,7016,2686,0,9702
328,0,6996,2676,0,9672
304,0,7012,2684,0,9696
308,0,7006,2686,0,9692
306,0,7018,2676,0,9694
301,0,7022,2677,0,9699
320,0,7011,2669,0,9680
329,0,7012,2659,0,9671
354,0,6999,2647,0,9646
354,0,6998,2648,0,9646
323,0,7022,2655,0,9677
310,0,7020,2670,0,9690
334,0,7007,2659,0,9666
337,0,7006,2657,0,9663
318,0,7021,2661,0,9682
299,0,7031,2670,0,9701
300,0,7026,2674,0,9700
325,0,7011,2664,0,9675
322,0,7013,2665,0,9678
319,0,7018,2663,0,9681
291,0,7052,2657,0,9709
313,0,7055,2632,0,9687
320,0,7047,2633,0,9680
319,0,7056,2625,0,9681
322,0,7060,2618,0,9678
327,0,7061,2612,0,9673
329,0,7054,2617,0,9671
300,0,7061,2639,0,9700
294,0,7073,2633,0,9706
318,0,7055,2627,0,9682
304,0,7065,2631,0,9696
309,0,7065,2626,0,9691
321,0,7058,2621,0,9679
316,0,7065,2619,0,9684
305,0,7075,2620,0,9695
295,0,7078,2627,0,9705
297,0,7085,2618,0,9703
281,0,7100,2619,0,9719
272,0,7112,2616,0,9728
264,0,7116,2620,0,9736
266,0,7108,2626,0,9734
285,0,7102,2613,0,9715
310,0,7084,2606,0,9690
299,0,7098,2603,0,9701
277,0,7113,2610,0,9723
289,0,7109,2602,0,9711
301,0,7092,2607,0,9699
295,0,7091,2614,0,9705
285,0,7108,2607,0,9715
254,0,7114,2632,0,9746
251,0,7123,2626,0,9749
242,0,7136,2622,0,9758
260,0,7134,2606,0,9740
240,0,7137,2623,0,9760
255,0,7137,2608,0,9745
273,0,7130,2597,0,9727
265,0,7143,2592,0,9735
275,0,7146,2579,0,9725
302,0,7116,2582,0,9698
306,0,7130,2564,0,9694
285,0,7131,2584,0,9715
257,0,7147,2596,0,9743
261,0,7146,2593,0,9739
259,0,7146,2595,0,9741
266,0,7147,2587,0,9734
256,0,7157,2587,0,9744
258,0,7170,2572,0,9742
248,0,7175,2577,0,9752
248,0,7180,2572,0,9752
235,0,7189,2576,0,9765
262,0,7176,2562,0,9738
262,0,7177,2561,0,9738
284,0,7171,2545,0,9716
268,0,7176,2556,0,9732
274,0,7177,2549,0,9726
273,0,7174,2553,0,9727
250,0,7183,2567,0,9750
262,0,7183,2555,0,9738
280,0,7174,2546,0,9720
295,0,7177,2528,0,9705
286,0,7190,2524,0,9714
274,0,7203,2523,0,9726
256,0,7217,2527,0,9744
244,0,7232,2524,0,9756
272,0,7227,2501,0,9728
295,0,7216,2489,0,9705
272,0,7235,2493,0,9728
278,0,7232,2490,0,9722
251,0,7238,2511,0,9749
231,0,7253,2516,0,9769
218,0,7273,2509,0,9782
223,0,7261,2516,0,9777
246,0,7249,2505,0,9754
227,0,7246,2527,0,9773
238,0,7251,2511,0,9762
233,0,7257,2510,0,9767
225,0,7262,2513,0,9775
219,0,7260,2521,0,9781
217,0,7266,2517,0,9783
230,0,7267,2503,0,9770
219,0,7273,2508,0,9781
222,0,7280,2498,0,9778
238,0,7274,2488,0,9762
235,0,7274,2491,0,9765
230,0,7286,2484,0,9770
226,0,7290,2484,0,9774
219,0,7288,2493,0,9781
217,0,7297,2486,0,9783
241,0,7293,2466,0,9759
254,0,7296,2450,0,9746
254,0,7300,2446,0,9746
231,0,7319,2450,0,9769
226,0,7309,2465,0,9774
230,0,7310,2460,0,9770
220,0,7317,2463,0,9780
235,0,7311,2454,0,9765
216,0,7325,2459,0,9784
228,0,7309,2463,0,9772
252,0,7289,2459,0,9748
233,0,7299,2468,0,9767
248,0,7276,2476,0,9752
250,0,7290,2460,0,9750
248,0,7291,2461,0,9752
223,0,7315,2462,0,9777
242,0,7311,2447,0,9758
253,0,7308,2439,0,9747
256,0,7308,2436,0,9744
254,0,7322,2424,0,9746
258,0,7324,2418,0,9742
248,0,7332,2420,0,9752
241,0,7340,2419,0,9759
232,0,7355,2413,0,9768
219,0,7364,2417,0,9781
230,0,7360,2410,0,9770
228,0,7365,2407,0,9772
246,0,7364,2390,0,9754
230,0,7370,2400,0,9770
223,0,7376,2401,0,9777
210,0,7385,2405,0,9790
205,0,7394,2401,0,9795
199,0,7393,2408,0,9801
225,0,7377,2398,0,9775
228,0,7372,2400,0,9772
251,0,7360,2389,0,9749
249,0,7362,2389,0,9751
254,0,7364,2382,0,9746
234,0,7377,2389,0,9766
244,0,7369,2387,0,9756
236,0,7371,2393,0,9764
259,0,7363,2378,0,9741
251,0,7376,2373,0,9749
230,0,7387,2383,0,9770
220,0,7386,2394,0,9780
241,0,7372,2387,0,9759
242,0,7372,2386,0,9758
248,0,7382,2370,0,9752
253,0,7377,2370,0,9747
248,0,7397,2355,0,9752
239,0,7395,2366,0,9761
230,0,7394,2376,0,9770
215,0,7400,2385,0,9785
232,0,7394,2374,0,9768
214,0,7394,2392,0,9786
205,0,7410,2385,0,9795
239,0,7397,2364,0,9761
229,0,7401,2370,0,9771
224,0,7402,2374,0,9776
244,0,7395,2361,0,9756
238,0,7404,2358,0,9762
223,0,7410,2367,0,9777
219,0,7418,2363,0,9781
206,0,7414,2380,0,9794
204,0,7419,2377,0,9796
208,0,7416,2376,0,9792
229,0,7412,2359,0,9771
225,0,7424,2351,0,9775
230,0,7427,2343,0,9770
226,0,7429,2345,0,9774
200,0,7435,2365,0,9800
213,0,7431,2356,0,9787
201,0,7437,2362,0,9799
200,0,7443,2357,0,9800
190,0,7442,2368,0,9810
196,0,7444,2360,0,9804
188,0,7453,2359,0,9812
178,0,7462,2360,0,9822
208,0,7437,2355,0,9792
207,0,7429,2364,0,9793
187,0,7446,2367,0,9813
185,0,7446,2369,0,9815
165,0,7456,2379,0,9835
175,0,7449,2376,0,9825
167,0,7451,2382,0,9833
176,0,7447,2377,0,9824
190,0,7448,2362,0,9810
189,0,7451,2360,0,9811
211,0,7435,2354,0,9789
195,0,7453,2352,0,9805
197,0,7442,2361,0,9803
206,0,7441,2353,0,9794
214,0,7436,2350,0,9786
212,0,7435,2353,0,9788
214,0,7430,2356,0,9786
194,0,7437,2369,0,9806
203,0,7432,2365,0,9797
211,0,7423,2366,0,9789
213,0,7419,2368,0,9787
227,0,7419,2354,0,9773
215,0,7437,2348,0,9785
198,0,7455,2347,0,9802
178,0,7467,2355,0,9822
177,0,7475,2348,0,9823
188,0,7476,2336,0,9812
187,0,7480,2333,0,9813
179,0,7488,2333,0,9821
184,0,7489,2327,0,9816
164,0,7501,2335,0,9836
151,0,7511,2338,0,9849
166,0,7498,2336,0,9834
176,0,7505,2319,0,9824
193,0,7495,2312,0,9807
189,0,7496,2315,0,9811
185,0,7504,2311,0,9815
182,0,7509,2309,0,9818
191,0,7498,2311,0,9809
187,0,7498,2315,0,9813
172,0,7510,2318,0,9828
169,0,7515,2316,0,9831
177,0,7515,2308,0,9823
174,0,7518,2308,0,9826
177,0,7515,2308,0,9823
188,0,7501,2311,0,9812
195,0,7507,2298,0,9805
197,0,7503,2300,0,9803
191,0,7499,2310,0,9809
175,0,7509,2316,0,9825
174,0,7514,2312,0,9826
183,0,7508,2309,0,9817
186,0,7508,2306,0,9814
187,0,7511,2302,0,9813
196,0,7514,2290,0,9804
202,0,7500,2298,0,9798
195,0,7508,2297,0,9805
202,0,7500,2298,0,9798
180,0,7510,2310,0,9820
198,0,7504,2298,0,9802
204,0,7496,2300,0,9796
207,0,7488,2305,0,9793
193,0,7499,2308,0,9807
186,0,7500,2314,0,9814
180,0,7501,2319,0,9820
180,0,7499,2321,0,9820
171,0,7503,2326,0,9829
178,0,7503,2319,0,9822
175,0,7512,2313,0,9825
147,0,7530,2323,0,9853
152,0,7533,2315,0,9848
153,0,7525,2322,0,9847
170,0,7525,2305,0,9830
161,0,7529,2310,0,9839
168,0,7530,2302,0,9832
159,0,7531,2310,0,9841
153,0,7545,2302,0,9847
170,0,7538,2292,0,9830
189,0,7519,2292,0,9811
188,0,7524,2288,0,9812
200,0,7511,2289,0,9800
196,0,7504,2300,0,9804
184,0,7519,2297,0,9816
194,0,7508,2298,0,9806
183,0,7511,2306,0,9817
180,0,7516,2304,0,9820
186,0,7503,2311,0,9814
213,0,7490,2297,0,9787
215,0,7489,2296,0,9785
199,0,7497,2304,0,9801
201,0,7493,2306,0,9799
198,0,7500,2302,0,9802
184,0,7508,2308,0,9816
205,0,7502,2293,0,9795
204,0,7498,2298,0,9796
202,0,7490,2308,0,9798
195,0,7491,2314,0,9805
166,0,7498,2336,0,9834
149,0,7506,2345,0,9851
169,0,7492,2339,0,9831
162,0,7493,2345,0,9838
156,0,7485,2359,0,9844
170,0,7475,2355,0,9830
160,0,7477,2363,0,9840
173,0,7454,2373,0,9827
193,0,7447,2360,0,9807
185,0,7459,2356,0,9815
184,0,7455,2361,0,9816
194,0,7454,2352,0,9806
193,0,7457,2350,0,9807
195,0,7454,2351,0,9805
174,0,7470,2356,0,9826
177,0,7472,2351,0,9823
171,0,7475,2354,0,9829
176,0,7466,2358,0,9824
178,0,7468,2354,0,9822
173,0,7477,2350,0,9827
161,0,7485,2354,0,9839
153,0,7496,2351,0,9847
156,0,7483,2361,0,9844
143,0,7496,2361,0,9857
152,0,7491,2357,0,9848
160,0,7492,2348,0,9840
145,0,7500,2355,0,9855
155,0,7486,2359,0,9845
145,0,7496,2359,0,9855
169,0,7478,2353,0,9831
159,0,7494,2347,0,9841
176,0,7482,2342,0,9824
168,0,7492,2340,0,9832
155,0,7496,2349,0,9845
170,0,7483,2347,0,9830
172,0,7496,2332,0,9828
174,0,7504,2322,0,9826
181,0,7504,2315,0,9819
192,0,7490,2318,0,9808
200,0,7491,2309,0,9800
193,0,7507,2300,0,9807
182,0,7501,2317,0,9818
170,0,7505,2325,0,9830
169,0,7508,2323,0,9831
182,0,7505,2313,0,9818
170,0,7510,2320,0,9830
179,0,7503,2318,0,9821
175,0,7500,2325,0,9825
176,0,7500,2324,0,9824
184,0,7499,2317,0,9816
183,0,7493,2324,0,9817
180,0,7495,2325,0,9820
184,0,7493,2323,0,9816
193,0,7497,2310,0,9807
195,0,7492,2313,0,9805
180,0,7504,2316,0,9820
192,0,7504,2304,0,9808
181,0,7509,2310,0,9819
170,0,7527,2303,0,9830
164,0,7529,2307,0,9836
166,0,7530,2304,0,9834
172,0,7530,2298,0,9828
162,0,7531,2307,0,9838
149,0,7537,2314,0,9851
159,0,7528,2313,0,9841
185,0,7519,2296,0,9815
182,0,7525,2293,0,9818
176,0,7528,2296,0,9824
169,0,7523,2308,0,9831
167,0,7524,2309,0,9833
145,0,7533,2322,0,9855
140,0,7532,2328,0,9860
153,0,7524,2323,0,9847
161,0,7523,2316,0,9839
146,0,7530,2324,0,9854
140,0,7532,2328,0,9860
164,0,7522,2314,0,9836
160,0,7527,2313,0,9840
158,0,7530,2312,0,9842
165,0,7523,2312,0,9835
166,0,7518,2316,0,9834
180,0,7511,2309,0,9820
168,0,7523,2309,0,9832
184,0,7517,2299,0,9816
192,0,7516,2292,0,9808
176,0,7529,2295,0,9824
202,0,7515,2283,0,9798
199,0,7509,2292,0,9801
182,0,7514,2304,0,9818
170,0,7519,2311,0,9830
173,0,7510,2317,0,9827
175,0,7515,2310,0,9825
183,0,7507,2310,0,9817
197,0,7492,2311,0,9803
188,0,7496,2316,0,9812
178,0,7514,2308,0,9822
165,0,7524,2311,0,9835
167,0,7513,2320,0,9833
160,0,7517,2323,0,9840
167,0,7502,2331,0,9833
164,0,7506,2330,0,9836
162,0,7505,2333,0,9838
165,0,7509,2326,0,9835
171,0,7504,2325,0,9829
171,0,7504,2325,0,9829
179,0,7502,2319,0,9821
158,0,7516,2326,0,9842
168,0,7509,2323,0,9832
170,0,7519,2311,0,9830
169,0,7514,2317,0,9831
173,0,7523,2304,0,9827
195,0,7508,2297,0,9805
182,0,7517,2301,0,9818
189,0,7512,2299,0,9811
194,0,7499,2307,0,9806
189,0,7506,2305,0,9811
177,0,7500,2323,0,9823
164,0,7493,2343,0,9836
177,0,7493,2330,0,9823
178,0,7493,2329,0,9822
151,0,7503,2346,0,9849
143,0,7505,2352,0,9857
159,0,7498,2343,0,9841
171,0,7494,2335,0,9829
170,0,7503,2327,0,9830
181,0,7500,2319,0,9819
192,0,7499,2309,0,9808
187,0,7501,2312,0,9813
171,0,7521,2308,0,9829
174,0,7531,2295,0,9826
173,0,7535,2292,0,9827
169,0,7528,2303,0,9831
170,0,7524,2306,0,9830
171,0,7529,2300,0,9829
158,0,7539,2303,0,9842
180,0,7522,2298,0,9820
193,0,7519,2288,0,9807
185,0,7524,2291,0,9815
191,0,7522,2287,0,9809
177,0,7531,2292,0,9823
181,0,7538,2281,0,9819
180,0,7533,2287,0,9820
179,0,7540,2281,0,9821
164,0,7541,2295,0,9836
160,0,7541,2299,0,9840
159,0,7551,2290,0,9841
185,0,7533,2282,0,9815
180,0,7539,2281,0,9820
179,0,7539,2282,0,9821
166,0,7548,2286,0,9834
172,0,7545,2283,0,9828
177,0,7551,2272,0,9823
163,0,7548,2289,0,9837
156,0,7552,2292,0,9844
152,0,7554,2294,0,9848
148,0,7555,2297,0,9852
169,0,7543,2288,0,9831
170,0,7536,2294,0,9830
168,0,7529,2303,0,9832
180,0,7527,2293,0,9820
167,0,7525,2308,0,9833
173,0,7532,2295,0,9827
163,0,7534,2303,0,9837
170,0,7528,2302,0,9830
169,0,7528,2303,0,9831
188,0,7517,2295,0,9812
195,0,7522,2283,0,9805
188,0,7511,2301,0,9812
197,0,7506,2297,0,9803
180,0,7517,2303,0,9820
185,0,7508,2307,0,9815
188,0,7509,2303,0,9812
188,0,7512,2300,0,9812
203,0,7503,2294,0,9797
185,0,7515,2300,0,9815
171,0,7523,2306,0,9829
185,0,7509,2306,0,9815
191,0,7515,2294,0,9809
181,0,7516,2303,0,9819
180,0,7515,2305,0,9820
181,0,7513,2306,0,9819
180,0,7513,2307,0,9820
177,0,7521,2302,0,9823
187,0,7515,2298,0,9813
209,0,7502,2289,0,9791
201,0,7515,2284,0,9799
197,0,7516,2287,0,9803
175,0,7528,2297,0,9825
187,0,7512,2301,0,9813
186,0,7508,2306,0,9814
178,0,7508,2314,0,9822
192,0,7506,2302,0,9808
181,0,7507,2312,0,9819
164,0,7513,2323,0,9836
186,0,7502,2312,0,9814
195,0,7487,2318,0,9805
209,0,7482,2309,0,9791
203,0,7485,2312,0,9797
210,0,7482,2308,0,9790
203,0,7487,2310,0,9797
194,0,7494,2312,0,9806
211,0,7491,2298,0,9789
179,0,7504,2317,0,9821
173,0,7510,2317,0,9827
171,0,7511,2318,0,9829
166,0,7504,2330,0,9834
172,0,7506,2322,0,9828
159,0,7514,2327,0,9841
171,0,7513,2316,0,9829
161,0,7519,2320,0,9839
174,0,7516,2310,0,9826
177,0,7510,2313,0,9823
192,0,7507,2301,0,9808
187,0,7508,2305,0,9813
187,0,7501,2312,0,9813
200,0,7496,2304,0,9800
199,0,7503,2298,0,9801
192,0,7504,2304,0,9808
191,0,7496,2313,0,9809
186,0,7490,2324,0,9814
175,0,7496,2329,0,9825
183,0,7490,2327,0,9817
185,0,7479,2336,0,9815
183,0,7482,2335,0,9817
180,0,7483,2337,0,9820
182,0,7478,2340,0,9818
165,0,7479,2356,0,9835
173,0,7482,2345,0,9827
160,0,7489,2351,0,9840
159,0,7488,2353,0,9841
162,0,7497,2341,0,9838
167,0,7496,2337,0,9833
170,0,7492,2338,0,9830
173,0,7480,2347,0,9827
180,0,7478,2342,0,9820
192,0,7467,2341,0,9808
172,0,7476,2352,0,9828
175,0,7479,2346,0,9825
164,0,7488,2348,0,9836
167,0,7476,2357,0,9833
170,0,7461,2369,0,9830
163,0,7462,2375,0,9837
160,0,7458,2382,0,9840
165,0,7458,2377,0,9835
180,0,7450,2370,0,9820
167,0,7468,2365,0,9833
169,0,7463,2368,0,9831
181,0,7451,2368,0,9819
185,0,7453,2362,0,9815
181,0,7447,2372,0,9819
195,0,7445,2360,0,9805
186,0,7447,2367,0,9814
197,0,7450,2353,0,9803
182,0,7451,2367,0,9818
176,0,7462,2362,0,9824
179,0,7454,2367,0,9821
172,0,7464,2364,0,9828
173,0,7461,2366,0,9827
179,0,7454,2367,0,9821
191,0,7442,2367,0,9809
169,0,7455,2376,0,9831
163,0,7457,2380,0,9837
163,0,7458,2379,0,9837
154,0,7464,2382,0,9846
157,0,7467,2376,0,9843
171,0,7459,2370,0,9829
166,0,7457,2377,0,9834
168,0,7453,2379,0,9832
172,0,7450,2378,0,9828
186,0,7445,2369,0,9814
170,0,7448,2382,0,9830
166,0,7455,2379,0,9834
182,0,7442,2376,0,9818
175,0,7447,2378,0,9825
169,0,7448,2383,0,9831
166,0,7458,2376,0,9834
162,0,7467,2371,0,9838
158,0,7468,2374,0,9842
167,0,7458,2375,0,9833
180,0,7459,2361,0,9820
174,0,7465,2361,0,9826
191,0,7454,2355,0,9809
173,0,7460,2367,0,9827
170,0,7467,2363,0,9830
176,0,7463,2361,0,9824
177,0,7463,2360,0,9823
154,0,7469,2377,0,9846
169,0,7469,2362,0,9831
152,0,7470,2378,0,9848
135,0,7481,2384,0,9865
139,0,7477,2384,0,9861
137,0,7479,2384,0,9863
149,0,7469,2382,0,9851
155,0,7465,2380,0,9845
148,0,7466,2386,0,9852
153,0,7463,2384,0,9847
178,0,7452,2370,0,9822
191,0,7440,2369,0,9809
175,0,7435,2390,0,9825
182,0,7436,2382,0,9818
157,0,7445,2398,0,9843
172,0,7436,2392,0,9828
171,0,7436,2393,0,9829
181,0,7429,2390,0,9819
170,0,7426,2404,0,9830
162,0,7443,2395,0,9838
152,0,7444,2404,0,9848
143,0,7442,2415,0,9857
156,0,7432,2412,0,9844
141,0,7444,2415,0,9859
157,0,7437,2406,0,9843
149,0,7434,2417,0,9851
156,0,7429,2415,0,9844
155,0,7432,2413,0,9845
161,0,7422,2417,0,9839
155,0,7414,2431,0,9845
163,0,7409,2428,0,9837
179,0,7401,2420,0,9821
181,0,7406,2413,0,9819
178,0,7410,2412,0,9822
171,0,7404,2425,0,9829
185,0,7396,2419,0,9815
173,0,7408,2419,0,9827
178,0,7409,2413,0,9822
167,0,7420,2413,0,9833
160,0,7423,2417,0,9840
158,0,7427,2415,0,9842
160,0,7426,2414,0,9840
160,0,7431,2409,0,9840
176,0,7416,2408,0,9824
168,0,7420,2412,0,9832
187,0,7420,2393,0,9813
194,0,7420,2386,0,9806
188,0,7423,2389,0,9812
178,0,7427,2395,0,9822
181,0,7426,2393,0,9819
187,0,7426,2387,0,9813
194,0,7421,2385,0,9806
177,0,7433,2390,0,9823
189,0,7423,2388,0,9811
198,0,7408,2394,0,9802
186,0,7407,2407,0,9814
187,0,7412,2401,0,9813
192,0,7402,2406,0,9808
192,0,7405,2403,0,9808
179,0,7410,2411,0,9821
181,0,7404,2415,0,9819
174,0,7416,2410,0,9826
170,0,7412,2418,0,9830
174,0,7416,2410,0,9826
164,0,7419,2417,0,9836
161,0,7426,2413,0,9839
175,0,7412,2413,0,9825
190,0,7399,2411,0,9810
184,0,7403,2413,0,9816
189,0,7400,2411,0,9811
178,0,7401,2421,0,9822
178,0,7393,2429,0,9822
167,0,7398,2435,0,9833
160,0,7406,2434,0,9840
174,0,7403,2423,0,9826
171,0,7401,2428,0,9829
178,0,7403,2419,0,9822
178,0,7409,2413,0,9822
162,0,7419,2419,0,9838
154,0,7427,2419,0,9846
148,0,7428,2424,0,9852
147,0,7434,2419,0,9853
152,0,7429,2419,0,9848
155,0,7426,2419,0,9845
155,0,7438,2407,0,9845
159,0,7430,2411,0,9841
176,0,7423,2401,0,9824
152,0,7439,2409,0,9848
157,0,7439,2404,0,9843
162,0,7449,2389,0,9838
165,0,7442,2393,0,9835
174,0,7439,2387,0,9826
171,0,7441,2388,0,9829
173,0,7445,2382,0,9827
184,0,7436,2380,0,9816
177,0,7438,2385,0,9823
165,0,7452,2383,0,9835
180,0,7434,2386,0,9820
179,0,7445,2376,0,9821
174,0,7444,2382,0,9826
186,0,7444,2370,0,9814
173,0,7447,2380,0,9827
177,0,7445,2378,0,9823
178,0,7450,2372,0,9822
191,0,7446,2363,0,9809
183,0,7456,2361,0,9817
178,0,7458,2364,0,9822
179,0,7463,2358,0,9821
181,0,7463,2356,0,9819
169,0,7470,2361,0,9831
182,0,7461,2357,0,9818
169,0,7468,2363,0,9831
172,0,7471,2357,0,9828
169,0,7474,2357,0,9831
161,0,7472,2367,0,9839
173,0,7459,2368,0,9827
192,0,7447,2361,0,9808
188,0,7461,2351,0,9812
171,0,7471,2358,0,9829
152,0,7485,2363,0,9848
146,0,7487,2367,0,9854
149,0,7486,2365,0,9851
159,0,7487,2354,0,9841
157,0,7487,2356,0,9843
166,0,7483,2351,0,9834
179,0,7474,2347,0,9821
161,0,7478,2361,0,9839
174,0,7474,2352,0,9826
176,0,7481,2343,0,9824
167,0,7482,2351,0,9833
169,0,7487,2344,0,9831
168,0,7491,2341,0,9832
168,0,7485,2347,0,9832
158,0,7493,2349,0,9842
173,0,7479,2348,0,9827
175,0,7482,2343,0,9825
160,0,7488,2352,0,9840
169,0,7485,2346,0,9831
169,0,7495,2336,0,9831
173,0,7492,2335,0,9827
169,0,7490,2341,0,9831
175,0,7494,2331,0,9825
172,0,7501,2327,0,9828
156,0,7509,2335,0,9844
164,0,7503,2333,0,9836
169,0,7495,2336,0,9831
162,0,7496,2342,0,9838
167,0,7491,2342,0,9833
154,0,7497,2349,0,9846
168,0,7487,2345,0,9832
168,0,7485,2347,0,9832
174,0,7482,2344,0,9826
180,0,7483,2337,0,9820
185,0,7477,2338,0,9815
176,0,7478,2346,0,9824
164,0,7484,2352,0,9836
145,0,7495,2360,0,9855
153,0,7494,2353,0,9847
170,0,7482,2348,0,9830
163,0,7492,2345,0,9837
178,0,7482,2340,0,9822
176,0,7479,2345,0,9824
168,0,7479,2353,0,9832
170,0,7484,2346,0,9830
177,0,7485,2338,0,9823
173,0,7492,2335,0,9827
169,0,7497,2334,0,9831
173,0,7497,2330,0,9827
180,0,7491,2329,0,9820
170,0,7501,2329,0,9830
181,0,7495,2324,0,9819
179,0,7502,2319,0,9821
171,0,7512,2317,0,9829
178,0,7509,2313,0,9822
185,0,7514,2301,0,9815
161,0,7533,2306,0,9839
168,0,7527,2305,0,9832
181,0,7524,2295,0,9819
170,0,7520,2310,0,9830
168,0,7518,2314,0,9832
175,0,7517,2308,0,9825
183,0,7508,2309,0,9817
185,0,7507,2308,0,9815
175,0,7507,2318,0,9825
170,0,7514,2316,0,9830
179,0,7513,2308,0,9821
182,0,7506,2312,0,9818
176,0,7518,2306,0,9824
189,0,7508,2303,0,9811
194,0,7512,2294,0,9806
205,0,7511,2284,0,9795
181,0,7526,2293,0,9819
189,0,7521,2290,0,9811
190,0,7534,2276,0,9810
186,0,7529,2285,0,9814
185,0,7526,2289,0,9815
196,0,7521,2283,0,9804
191,0,7528,2281,0,9809
195,0,7511,2294,0,9805
212,0,7502,2286,0,9788
190,0,7515,2295,0,9810
199,0,7506,2295,0,9801
207,0,7510,2283,0,9793
200,0,7513,2287,0,9800
192,0,7514,2294,0,9808
201,0,7514,2285,0,9799
184,0,7522,2294,0,9816
178,0,7528,2294,0,9822
187,0,7521,2292,0,9813
188,0,7530,2282,0,9812
185,0,7532,2283,0,9815
186,0,7529,2285,0,9814
187,0,7524,2289,0,9813
182,0,7529,2289,0,9818
176,0,7531,2293,0,9824
167,0,7530,2303,0,9833
177,0,7524,2299,0,9823
167,0,7530,2303,0,9833
168,0,7526,2306,0,9832
159,0,7538,2303,0,9841
158,0,7536,2306,0,9842
151,0,7537,2312,0,9849
156,0,7532,2312,0,9844
144,0,7547,2309,0,9856
162,0,7546,2292,0,9838
152,0,7545,2303,0,9848
167,0,7535,2298,0,9833
193,0,7521,2286,0,9807
184,0,7526,2290,0,9816
171,0,7536,2293,0,9829
154,0,7541,2305,0,9846
150,0,7544,2306,0,9850
167,0,7544,2289,0,9833
175,0,7539,2286,0,9825
165,0,7545,2290,0,9835
170,0,7537,2293,0,9830
183,0,7546,2271,0,9817
167,0,7539,2294,0,9833
171,0,7526,2303,0,9829
170,0,7537,2293,0,9830
160,0,7536,2304,0,9840
157,0,7544,2299,0,9843
172,0,7539,2289,0,9828
174,0,7536,2290,0,9826
163,0,7537,2300,0,9837
171,0,7535,2294,0,9829
179,0,7527,2294,0,9821
183,0,7532,2285,0,9817
175,0,7538,2287,0,9825
192,0,7534,2274,0,9808
188,0,7537,2275,0,9812
197,0,7536,2267,0,9803
194,0,7538,2268,0,9806
182,0,7542,2276,0,9818
169,0,7554,2277,0,9831
188,0,7541,2271,0,9812
189,0,7538,2273,0,9811
178,0,7551,2271,0,9822
165,0,7565,2270,0,9835
181,0,7555,2264,0,9819
188,0,7560,2252,0,9812
176,0,7559,2265,0,9824
190,0,7554,2256,0,9810
186,0,7553,2261,0,9814
171,0,7563,2266,0,9829
174,0,7560,2266,0,9826
180,0,7561,2259,0,9820
164,0,7564,2272,0,9836
154,0,7573,2273,0,9846
161,0,7570,2269,0,9839
157,0,7562,2281,0,9843
154,0,7565,2281,0,9846
159,0,7559,2282,0,9841
168,0,7553,2279,0,9832
168,0,7549,2283,0,9832
166,0,7553,2281,0,9834
160,0,7566,2274,0,9840
157,0,7571,2272,0,9843
150,0,7564,2286,0,9850
155,0,7569,2276,0,9845
157,0,7561,2282,0,9843
167,0,7559,2274,0,9833
166,0,7559,2275,0,9834
169,0,7561,2270,0,9831
175,0,7564,2261,0,9825
174,0,7555,2271,0,9826
166,0,7554,2280,0,9834
165,0,7562,2273,0,9835
162,0,7561,2277,0,9838
160,0,7560,2280,0,9840
192,0,7535,2273,0,9808
194,0,7544,2262,0,9806
194,0,7534,2272,0,9806
197,0,7534,2269,0,9803
201,0,7530,2269,0,9799
190,0,7543,2267,0,9810
174,0,7546,2280,0,9826
148,0,7559,2293,0,9852
144,0,7565,2291,0,9856
151,0,7565,2284,0,9849
159,0,7565,2276,0,9841
161,0,7564,2275,0,9839
145,0,7567,2288,0,9855
157,0,7564,2279,0,9843
138,0,7576,2286,0,9862
144,0,7573,2283,0,9856
165,0,7561,2274,0,9835
156,0,7573,2271,0,9844
167,0,7561,2272,0,9833
174,0,7551,2275,0,9826
155,0,7563,2282,0,9845
169,0,7556,2275,0,9831
188,0,7542,2270,0,9812
179,0,7544,2277,0,9821
163,0,7559,2278,0,9837
173,0,7558,2269,0,9827
178,0,7551,2271,0,9822
181,0,7542,2277,0,9819
186,0,7544,2270,0,9814
170,0,7549,2281,0,9830
175,0,7553,2272,0,9825
178,0,7562,2260,0,9822
198,0,7546,2256,0,9802
202,0,7554,2244,0,9798
174,0,7569,2257,0,9826
177,0,7572,2251,0,9823
171,0,7572,2257,0,9829
153,0,7576,2271,0,9847
160,0,7572,2268,0,9840
167,0,7572,2261,0,9833
168,0,7569,2263,0,9832
167,0,7573,2260,0,9833
168,0,7574,2258,0,9832
182,0,7567,2251,0,9818
190,0,7559,2251,0,9810
181,0,7562,2257,0,9819
181,0,7570,2249,0,9819
167,0,7576,2257,0,9833
172,0,7572,2256,0,9828
168,0,7571,2261,0,9832
180,0,7556,2264,0,9820
172,0,7563,2265,0,9828
171,0,7568,2261,0,9829
179,0,7564,2257,0,9821
162,0,7567,2271,0,9838
152,0,7570,2278,0,9848
160,0,7578,2262,0,9840
182,0,7562,2256,0,9818
194,0,7556,2250,0,9806
192,0,7560,2248,0,9808
175,0,7572,2253,0,9825
177,0,7572,2251,0,9823
174,0,7582,2244,0,9826
169,0,7590,2241,0,9831
159,0,7592,2249,0,9841
170,0,7584,2246,0,9830
169,0,7596,2235,0,9831
171,0,7595,2234,0,9829
181,0,7588,2231,0,9819
179,0,7586,2235,0,9821
176,0,7595,2229,0,9824
158,0,7604,2238,0,9842
170,0,7595,2235,0,9830
153,0,7603,2244,0,9847
182,0,7596,2222,0,9818
170,0,7599,2231,0,9830
187,0,7593,2220,0,9813
190,0,7585,2225,0,9810
181,0,7587,2232,0,9819
182,0,7588,2230,0,9818
173,0,7590,2237,0,9827
170,0,7587,2243,0,9830
177,0,7580,2243,0,9823
173,0,7574,2253,0,9827
181,0,7582,2237,0,9819
178,0,7585,2237,0,9822
178,0,7583,2239,0,9822
196,0,7570,2234,0,9804
177,0,7591,2232,0,9823
186,0,7592,2222,0,9814
173,0,7602,2225,0,9827
181,0,7603,2216,0,9819
184,0,7595,2221,0,9816
195,0,7597,2208,0,9805
186,0,7593,2221,0,9814
172,0,7602,2226,0,9828
167,0,7611,2222,0,9833
165,0,7617,2218,0,9835
178,0,7613,2209,0,9822
174,0,7608,2218,0,9826
177,0,7606,2217,0,9823
166,0,7615,2219,0,9834
152,0,7621,2227,0,9848
157,0,7619,2224,0,9843
158,0,7618,2224,0,9842
164,0,7609,2227,0,9836
173,0,7592,2235,0,9827
169,0,7593,2238,0,9831
180,0,7597,2223,0,9820
167,0,7605,2228,0,9833
172,0,7609,2219,0,9828
172,0,7604,2224,0,9828
165,0,7606,2229,0,9835
160,0,7616,2224,0,9840
160,0,7611,2229,0,9840
160,0,7609,2231,0,9840
179,0,7603,2218,0,9821
162,0,7619,2219,0,9838
167,0,7610,2223,0,9833
163,0,7619,2218,0,9837
155,0,7625,2220,0,9845
179,0,7612,2209,0,9821
173,0,7620,2207,0,9827
173,0,7613,2214,0,9827
168,0,7615,2217,0,9832
194,0,7604,2202,0,9806
202,0,7596,2202,0,9798
201,0,7594,2205,0,9799
191,0,7598,2211,0,9809
183,0,7607,2210,0,9817
182,0,7601,2217,0,9818
175,0,7604,2221,0,9825
167,0,7620,2213,0,9833
166,0,7624,2210,0,9834
182,0,7618,2200,0,9818
172,0,7631,2197,0,9828
171,0,7628,2201,0,9829
162,0,7633,2205,0,9838
158,0,7631,2211,0,9842
159,0,7634,2207,0,9841
160,0,7636,2204,0,9840
150,0,7642,2208,0,9850
161,0,7640,2199,0,9839
162,0,7643,2195,0,9838
166,0,7635,2199,0,9834
161,0,7643,2196,0,9839
175,0,7634,2191,0,9825
168,0,7650,2182,0,9832
159,0,7651,2190,0,9841
175,0,7654,2171,0,9825
174,0,7653,2173,0,9826
179,0,7647,2174,0,9821
171,0,7649,2180,0,9829
160,0,7653,2187,0,9840
149,0,7664,2187,0,9851
147,0,7660,2193,0,9853
155,0,7655,2190,0,9845
154,0,7656,2190,0,9846
143,0,7663,2194,0,9857
165,0,7648,2187,0,9835
173,0,7648,2179,0,9827
175,0,7646,2179,0,9825
180,0,7637,2183,0,9820
174,0,7645,2181,0,9826
167,0,7645,2188,0,9833
202,0,7632,2166,0,9798
189,0,7646,2165,0,9811
189,0,7644,2167,0,9811
175,0,7648,2177,0,9825
175,0,7655,2170,0,9825
172,0,7660,2168,0,9828
177,0,7663,2160,0,9823
173,0,7666,2161,0,9827
171,0,7666,2163,0,9829
163,0,7671,2166,0,9837
159,0,7676,2165,0,9841
152,0,7680,2168,0,9848
149,0,7682,2169,0,9851
145,0,7677,2178,0,9855
157,0,7675,2168,0,9843
157,0,7676,2167,0,9843
163,0,7678,2159,0,9837
147,0,7686,2167,0,9853
147,0,7688,2165,0,9853
155,0,7680,2165,0,9845
154,0,7678,2168,0,9846
150,0,7677,2173,0,9850
168,0,7681,2151,0,9832
159,0,7684,2157,0,9841
163,0,7683,2154,0,9837
161,0,7680,2159,0,9839
157,0,7674,2169,0,9843
160,0,7671,2169,0,9840
154,0,7675,2171,0,9846
169,0,7664,2167,0,9831
159,0,7660,2181,0,9841
153,0,7669,2178,0,9847
142,0,7677,2181,0,9858
142,0,7687,2171,0,9858
141,0,7675,2184,0,9859
139,0,7678,2183,0,9861
150,0,7666,2184,0,9850
161,0,7660,2179,0,9839
148,0,7663,2189,0,9852
142,0,7664,2194,0,9858
148,0,7665,2187,0,9852
158,0,7649,2193,0,9842
162,0,7645,2193,0,9838
147,0,7663,2190,0,9853
153,0,7657,2190,0,9847
159,0,7660,2181,0,9841
168,0,7660,2172,0,9832
169,0,7654,2177,0,9831
197,0,7642,2161,0,9803
176,0,7661,2163,0,9824
159,0,7668,2173,0,9841
169,0,7660,2171,0,9831
170,0,7662,2168,0,9830
176,0,7668,2156,0,9824
197,0,7651,2152,0,9803
172,0,7657,2171,0,9828
169,0,7659,2172,0,9831
177,0,7650,2173,0,9823
159,0,7651,2190,0,9841
167,0,7646,2187,0,9833
155,0,7653,2192,0,9845
158,0,7645,2197,0,9842
167,0,7639,2194,0,9833
161,0,7645,2194,0,9839
151,0,7660,2189,0,9849
162,0,7656,2182,0,9838
178,0,7644,2178,0,9822
179,0,7645,2176,0,9821
184,0,7641,2175,0,9816
184,0,7640,2176,0,9816
182,0,7644,2174,0,9818
173,0,7649,2178,0,9827
169,0,7652,2179,0,9831
182,0,7649,2169,0,9818
177,0,7650,2173,0,9823
172,0,7650,2178,0,9828
185,0,7645,2170,0,9815
185,0,7645,2170,0,9815
183,0,7650,2167,0,9817
188,0,7645,2167,0,9812
180,0,7655,2165,0,9820
182,0,7653,2165,0,9818
183,0,7650,2167,0,9817
172,0,7664,2164,0,9828
173,0,7657,2170,0,9827
197,0,7640,2163,0,9803
196,0,7643,2161,0,9804
191,0,7645,2164,0,9809
185,0,7636,2179,0,9815
188,0,7633,2179,0,9812
174,0,7644,2182,0,9826
182,0,7638,2180,0,9818
193,0,7639,2168,0,9807
187,0,7643,2170,0,9813
177,0,7651,2172,0,9823
196,0,7639,2165,0,9804
180,0,7652,2168,0,9820
172,0,7657,2171,0,9828
177,0,7655,2168,0,9823
182,0,7643,2175,0,9818
181,0,7636,2183,0,9819
176,0,7638,2186,0,9824
183,0,7636,2181,0,9817
173,0,7638,2189,0,9827
171,0,7633,2196,0,9829
163,0,7642,2195,0,9837
177,0,7634,2189,0,9823
160,0,7652,2188,0,9840
157,0,7650,2193,0,9843
161,0,7647,2192,0,9839
173,0,7637,2190,0,9827
184,0,7643,2173,0,9816
185,0,7639,2176,0,9815
171,0,7649,2180,0,9829
185,0,7645,2170,0,9815
194,0,7636,2170,0,9806
179,0,7646,2175,0,9821
170,0,7649,2181,0,9830
155,0,7654,2191,0,9845
167,0,7649,2184,0,9833
154,0,7645,2201,0,9846
155,0,7648,2197,0,9845
161,0,7646,2193,0,9839
161,0,7633,2206,0,9839
173,0,7620,2207,0,9827
163,0,7629,2208,0,9837
148,0,7633,2219,0,9852
149,0,7634,2217,0,9851
150,0,7633,2217,0,9850
159,0,7618,2223,0,9841
177,0,7619,2204,0,9823
174,0,7628,2198,0,9826
170,0,7620,2210,0,9830
162,0,7625,2213,0,9838
172,0,7617,2211,0,9828
162,0,7622,2216,0,9838
164,0,7624,2212,0,9836
174,0,7625,2201,0,9826
164,0,7632,2204,0,9836
182,0,7624,2194,0,9818
167,0,7636,2197,0,9833
156,0,7646,2198,0,9844
163,0,7638,2199,0,9837
148,0,7645,2207,0,9852
141,0,7643,2216,0,9859
157,0,7640,2203,0,9843
174,0,7626,2200,0,9826
174,0,7621,2205,0,9826
164,0,7625,2211,0,9836
160,0,7633,2207,0,9840
157,0,7626,2217,0,9843
180,0,7605,2215,0,9820
169,0,7607,2224,0,9831
165,0,7610,2225,0,9835
162,0,7611,2227,0,9838
167,0,7607,2226,0,9833
190,0,7593,2217,0,9810
183,0,7594,2223,0,9817
182,0,7593,2225,0,9818
181,0,7595,2224,0,9819
190,0,7596,2214,0,9810
167,0,7604,2229,0,9833
166,0,7597,2237,0,9834
173,0,7602,2225,0,9827
178,0,7601,2221,0,9822
173,0,7591,2236,0,9827
171,0,7598,2231,0,9829
179,0,7588,2233,0,9821
150,0,7598,2252,0,9850
154,0,7589,2257,0,9846
164,0,7591,2245,0,9836
174,0,7590,2236,0,9826
168,0,7603,2229,0,9832
159,0,7601,2240,0,9841
172,0,7604,2224,0,9828
188,0,7600,2212,0,9812
186,0,7596,2218,0,9814
181,0,7607,2212,0,9819
184,0,7605,2211,0,9816
175,0,7614,2211,0,9825
185,0,7614,2201,0,9815
183,0,7611,2206,0,9817
183,0,7608,2209,0,9817
181,0,7604,2215,0,9819
172,0,7603,2225,0,9828
174,0,7604,2222,0,9826
193,0,7598,2209,0,9807
205,0,7596,2199,0,9795
187,0,7600,2213,0,9813
182,0,7602,2216,0,9818
181,0,7593,2226,0,9819
172,0,7593,2235,0,9828
176,0,7590,2234,0,9824
184,0,7588,2228,0,9816
176,0,7597,2227,0,9824
168,0,7588,2244,0,9832
188,0,7581,2231,0,9812
186,0,7583,2231,0,9814
195,0,7575,2230,0,9805
187,0,7585,2228,0,9813
187,0,7588,2225,0,9813
177,0,7583,2240,0,9823
172,0,7586,2242,0,9828
172,0,7586,2242,0,9828
164,0,7596,2240,0,9836
157,0,7601,2242,0,9843
173,0,7599,2228,0,9827
161,0,7608,2231,0,9839
171,0,7596,2233,0,9829
156,0,7606,2238,0,9844
156,0,7605,2239,0,9844
174,0,7592,2234,0,9826
159,0,7597,2244,0,9841
173,0,7591,2236,0,9827
159,0,7595,2246,0,9841
177,0,7590,2233,0,9823
177,0,7591,2232,0,9823
182,0,7587,2231,0,9818
205,0,7577,2218,0,9795
205,0,7577,2218,0,9795
204,0,7575,2221,0,9796
192,0,7577,2231,0,9808
188,0,7583,2229,0,9812
184,0,7587,2229,0,9816
194,0,7573,2233,0,9806
193,0,7567,2240,0,9807
196,0,7569,2235,0,9804
175,0,7578,2247,0,9825
165,0,7579,2256,0,9835
178,0,7576,2246,0,9822
172,0,7580,2248,0,9828
148,0,7590,2262,0,9852
153,0,7594,2253,0,9847
162,0,7585,2253,0,9838
165,0,7586,2249,0,9835
173,0,7576,2251,0,9827
169,0,7571,2260,0,9831
158,0,7574,2268,0,9842
171,0,7576,2253,0,9829
163,0,7585,2252,0,9837
172,0,7580,2248,0,9828
172,0,7580,2248,0,9828
168,0,7581,2251,0,9832
150,0,7587,2263,0,9850
166,0,7578,2256,0,9834
160,0,7586,2254,0,9840
163,0,7573,2264,0,9837
145,0,7590,2265,0,9855
151,0,7583,2266,0,9849
148,0,7581,2271,0,9852
170,0,7568,2262,0,9830
164,0,7557,2279,0,9836
164,0,7557,2279,0,9836
164,0,7562,2274,0,9836
167,0,7552,2281,0,9833
179,0,7541,2280,0,9821
184,0,7536,2280,0,9816
181,0,7542,2277,0,9819
159,0,7557,2284,0,9841
165,0,7555,2280,0,9835
156,0,7557,2287,0,9844
144,0,7567,2289,0,9856
144,0,7561,2295,0,9856
164,0,7545,2291,0,9836
158,0,7552,2290,0,9842
152,0,7553,2295,0,9848
131,0,7563,2306,0,9869
139,0,7553,2308,0,9861
153,0,7546,2301,0,9847
155,0,7549,2296,0,9845
174,0,7531,2295,0,9826
157,0,7538,2305,0,9843
167,0,7533,2300,0,9833
166,0,7538,2296,0,9834
173,0,7532,2295,0,9827
158,0,7540,2302,0,9842
167,0,7534,2299,0,9833
151,0,7540,2309,0,9849
165,0,7537,2298,0,9835
172,0,7532,2296,0,9828
175,0,7531,2294,0,9825
170,0,7536,2294,0,9830
184,0,7533,2283,0,9816
184,0,7533,2283,0,9816
180,0,7534,2286,0,9820
173,0,7527,2300,0,9827
153,0,7525,2322,0,9847
154,0,7526,2320,0,9846
179,0,7515,2306,0,9821
190,0,7505,2305,0,9810
189,0,7507,2304,0,9811
177,0,7515,2308,0,9823
177,0,7516,2307,0,9823
165,0,7517,2318,0,9835
167,0,7532,2301,0,9833
168,0,7528,2304,0,9832
171,0,7518,2311,0,9829
168,0,7523,2309,0,9832
172,0,7516,2312,0,9828
175,0,7513,2312,0,9825
170,0,7520,2310,0,9830
176,0,7512,2312,0,9824
165,0,7512,2323,0,9835
166,0,7501,2333,0,9834
162,0,7510,2328,0,9838
149,0,7517,2334,0,9851
153,0,7509,2338,0,9847
150,0,7508,2342,0,9850
173,0,7492,2335,0,9827
169,0,7498,2333,0,9831
171,0,7498,2331,0,9829
162,0,7502,2336,0,9838
170,0,7501,2329,0,9830
176,0,7504,2320,0,9824
172,0,7504,2324,0,9828
172,0,7497,2331,0,9828
162,0,7504,2334,0,9838
169,0,7499,2332,0,9831
167,0,7502,2331,0,9833
174,0,7492,2334,0,9826
184,0,7491,2325,0,9816
179,0,7490,2331,0,9821
166,0,7496,2338,0,9834
175,0,7489,2336,0,9825
167,0,7491,2342,0,9833
163,0,7501,2336,0,9837
172,0,7491,2337,0,9828
168,0,7499,2333,0,9832
167,0,7490,2343,0,9833
165,0,7496,2339,0,9835
163,0,7504,2333,0,9837
165,0,7510,2325,0,9835
171,0,7506,2323,0,9829
176,0,7501,2323,0,9824
151,0,7514,2335,0,9849
169,0,7497,2334,0,9831
167,0,7495,2338,0,9833
173,0,7483,2344,0,9827
