3292,0,3360,3348,0,6708
8455,0,748,797,0,1545
8784,0,549,667,0,1216
8912,0,496,592,0,1088
8987,0,462,551,0,1013
9074,0,390,536,0,926
9114,0,395,491,0,886
9148,0,358,494,0,852
9145,0,340,515,0,855
9199,0,304,497,0,801
9215,0,277,508,0,785
9221,0,291,488,0,779
9250,0,288,462,0,750
9282,0,269,449,0,718
9311,0,253,436,0,689
9321,0,234,445,0,679
9306,0,246,448,0,694
9303,0,253,444,0,697
9310,0,248,442,0,690
9320,0,243,437,0,680
9302,0,251,447,0,698
9280,0,238,482,0,720
9294,0,246,460,0,706
9288,0,243,469,0,712
9294,0,241,465,0,706
9299,0,223,478,0,701
9332,0,216,452,0,668
9344,0,220,436,0,656
9335,0,210,455,0,665
9328,0,209,463,0,672
9298,0,226,476,0,702
9284,0,230,486,0,716
9285,0,236,479,0,715
9290,0,233,477,0,710
9271,0,255,474,0,729
9274,0,257,469,0,726
9283,0,267,450,0,717
9317,0,250,433,0,683
9319,0,268,413,0,681
9337,0,270,393,0,663
9343,0,272,385,0,657
9334,0,279,387,0,666
9378,0,271,351,0,622
9383,0,273,344,0,617
9419,0,262,319,0,581
9431,0,256,313,0,569
9435,0,259,306,0,565
9455,0,253,292,0,545
9429,0,265,306,0,571
9424,0,281,295,0,576
9439,0,269,292,0,561
9437,0,269,294,0,563
9414,0,264,322,0,586
9422,0,243,335,0,578
9412,0,236,352,0,588
9437,0,222,341,0,563
9419,0,232,349,0,581
9415,0,223,362,0,585
9425,0,213,362,0,575
9422,0,216,362,0,578
9383,0,241,376,0,617
9378,0,241,381,0,622
9400,0,229,371,0,600
9396,0,237,367,0,604
9414,0,226,360,0,586
9405,0,246,349,0,595
9391,0,258,351,0,609
9395,0,266,339,0,605
9371,0,272,357,0,629
9372,0,263,365,0,628
9355,0,280,365,0,645
9338,0,288,374,0,662
9309,0,296,395,0,691
9309,0,302,389,0,691
9286,0,310,404,0,714
9287,0,306,407,0,713
9297,0,320,383,0,703
9268,0,320,412,0,732
9254,0,321,425,0,746
9226,0,340,434,0,774
9240,0,327,433,0,760
9252,0,309,439,0,748
9212,0,327,461,0,788
9228,0,314,458,0,772
9206,0,320,474,0,794
9189,0,324,487,0,811
9203,0,315,482,0,797
9188,0,295,517,0,812
9155,0,307,538,0,845
9136,0,307,557,0,864
9143,0,310,547,0,857
9130,0,304,566,0,870
9112,0,309,579,0,888
9108,0,301,591,0,892
9121,0,294,585,0,879
9111,0,300,589,0,889
9102,0,309,589,0,898
9106,0,308,586,0,894
9112,0,323,565,0,888
9155,0,305,540,0,845
9174,0,299,527,0,826
9176,0,311,513,0,824
9149,0,327,524,0,851
9084,0,341,575,0,916
9071,0,338,591,0,929
9072,0,324,604,0,928
9081,0,319,600,0,919
9072,0,336,592,0,928
9096,0,326,578,0,904
9044,0,364,592,0,956
9017,0,366,617,0,983
9020,0,354,626,0,980
9021,0,335,644,0,979
9027,0,337,636,0,973
9022,0,347,631,0,978
9015,0,336,649,0,985
8995,0,333,672,0,1005
8980,0,352,668,0,1020
9001,0,355,644,0,999
9000,0,346,654,0,1000
8943,0,375,682,0,1057
8967,0,352,681,0,1033
8957,0,352,691,0,1043
8967,0,335,698,0,1033
8959,0,353,688,0,1041
8918,0,370,712,0,1082
8918,0,379,703,0,1082
8907,0,385,708,0,1093
8877,0,401,722,0,1123
8876,0,403,721,0,1124
8873,0,421,706,0,1127
8909,0,413,678,0,1091
8892,0,395,713,0,1108
8881,0,383,736,0,1119
8888,0,372,740,0,1112
8864,0,380,756,0,1136
8839,0,375,786,0,1161
8784,0,391,825,0,1216
8813,0,398,789,0,1187
8837,0,382,781,0,1163
8870,0,377,753,0,1130
8865,0,358,777,0,1135
8854,0,376,770,0,1146
8812,0,373,815,0,1188
8782,0,376,842,0,1218
8765,0,374,861,0,1235
8761,0,388,851,0,1239
8786,0,365,849,0,1214
8797,0,368,835,0,1203
8801,0,377,822,0,1199
8812,0,368,820,0,1188
8803,0,378,819,0,1197
8802,0,394,804,0,1198
8792,0,403,805,0,1208
8755,0,424,821,0,1245
8751,0,425,824,0,1249
8745,0,429,826,0,1255
8752,0,426,822,0,1248
8732,0,427,841,0,1268
8765,0,414,821,0,1235
8767,0,414,819,0,1233
8800,0,402,798,0,1200
8802,0,412,786,0,1198
8823,0,391,786,0,1177
8811,0,382,807,0,1189
8848,0,351,801,0,1152
8831,0,353,816,0,1169
8821,0,373,806,0,1179
8824,0,374,802,0,1176
8797,0,396,807,0,1203
8835,0,387,778,0,1165
8831,0,403,766,0,1169
8810,0,409,781,0,1190
8775,0,408,817,0,1225
8802,0,396,802,0,1198
8810,0,414,776,0,1190
8804,0,405,791,0,1196
8838,0,378,784,0,1162
8832,0,374,794,0,1168
8830,0,364,806,0,1170
8812,0,384,804,0,1188
8787,0,392,821,0,1213
8809,0,388,803,0,1191
8828,0,368,804,0,1172
8850,0,359,791,0,1150
8859,0,343,798,0,1141
8851,0,321,828,0,1149
8856,0,322,822,0,1144
8857,0,338,805,0,1143
8821,0,354,825,0,1179
8838,0,347,815,0,1162
8856,0,332,812,0,1144
8904,0,304,792,0,1096
8913,0,293,794,0,1087
8923,0,293,784,0,1077
8947,0,297,756,0,1053
8931,0,299,770,0,1069
8948,0,306,746,0,1052
8950,0,323,727,0,1050
8921,0,344,735,0,1079
8918,0,345,737,0,1082
8945,0,332,723,0,1055
8905,0,338,757,0,1095
8863,0,346,791,0,1137
8832,0,343,825,0,1168
8808,0,356,836,0,1192
8773,0,348,879,0,1227
8774,0,360,866,0,1226
8743,0,370,887,0,1257
8723,0,377,900,0,1277
8691,0,397,912,0,1309
8717,0,377,906,0,1283
8682,0,406,912,0,1318
8651,0,411,938,0,1349
8678,0,387,935,0,1322
8679,0,385,936,0,1321
8666,0,398,936,0,1334
8635,0,405,960,0,1365
8666,0,404,930,0,1334
8653,0,408,939,0,1347
8606,0,445,949,0,1394
8710,0,396,894,0,1290
8719,0,409,872,0,1281
8735,0,412,853,0,1265
8728,0,433,839,0,1272
8688,0,455,857,0,1312
8697,0,433,870,0,1303
8681,0,460,859,0,1319
8689,0,445,866,0,1311
8710,0,433,857,0,1290
8745,0,408,847,0,1255
8731,0,448,821,0,1269
8734,0,455,811,0,1266
8714,0,464,822,0,1286
8740,0,461,799,0,1260
8762,0,466,772,0,1238
8753,0,452,795,0,1247
8721,0,461,818,0,1279
8656,0,488,856,0,1344
8659,0,504,837,0,1341
8648,0,513,839,0,1352
8631,0,521,848,0,1369
8684,0,501,815,0,1316
8676,0,510,814,0,1324
8650,0,524,826,0,1350
8669,0,505,826,0,1331
8681,0,487,832,0,1319
8649,0,499,852,0,1351
8668,0,475,857,0,1332
8648,0,483,869,0,1352
8665,0,481,854,0,1335
8629,0,510,861,0,1371
8627,0,495,878,0,1373
8587,0,505,908,0,1413
8615,0,481,904,0,1385
8611,0,483,906,0,1389
8613,0,484,903,0,1387
8608,0,471,921,0,1392
8617,0,477,906,0,1383
8596,0,479,925,0,1404
8553,0,497,950,0,1447
8570,0,485,945,0,1430
8550,0,497,953,0,1450
8491,0,523,986,0,1509
8467,0,544,989,0,1533
8471,0,541,988,0,1529
8476,0,566,958,0,1524
8479,0,565,956,0,1521
8445,0,565,990,0,1555
8455,0,575,970,0,1545
8447,0,578,975,0,1553
8438,0,572,990,0,1562
8419,0,584,997,0,1581
8366,0,606,1028,0,1634
8320,0,625,1055,0,1680
8326,0,634,1040,0,1674
8305,0,636,1059,0,1695
8272,0,650,1078,0,1728
8222,0,671,1107,0,1778
8231,0,677,1092,0,1769
8234,0,666,1100,0,1766
8210,0,679,1111,0,1790
8211,0,673,1116,0,1789
8265,0,645,1090,0,1735
8285,0,640,1075,0,1715
8340,0,616,1044,0,1660
8397,0,601,1002,0,1603
8395,0,594,1011,0,1605
8396,0,579,1025,0,1604
8413,0,566,1021,0,1587
8448,0,562,990,0,1552
8477,0,524,999,0,1523
8454,0,567,979,0,1546
8440,0,573,987,0,1560
8443,0,555,1002,0,1557
8442,0,568,990,0,1558
8451,0,595,954,0,1549
8416,0,618,966,0,1584
8416,0,645,939,0,1584
8427,0,649,924,0,1573
8464,0,631,905,0,1536
8483,0,618,899,0,1517
8480,0,630,890,0,1520
8523,0,598,879,0,1477
8513,0,615,872,0,1487
8481,0,650,869,0,1519
8403,0,679,918,0,1597
8398,0,676,926,0,1602
8363,0,713,924,0,1637
8411,0,689,900,0,1589
8375,0,700,925,0,1625
8380,0,701,919,0,1620
8354,0,692,954,0,1646
8278,0,726,996,0,1722
8309,0,729,962,0,1691
8341,0,698,961,0,1659
8295,0,723,982,0,1705
8300,0,731,969,0,1700
8301,0,732,967,0,1699
8324,0,730,946,0,1676
8271,0,759,970,0,1729
8297,0,782,921,0,1703
8301,0,783,916,0,1699
8284,0,789,927,0,1716
8306,0,778,916,0,1694
8302,0,774,924,0,1698
8297,0,784,919,0,1703
8326,0,773,901,0,1674
8306,0,757,937,0,1694
8292,0,744,964,0,1708
8271,0,744,985,0,1729
8277,0,744,979,0,1723
8244,0,725,1031,0,1756
8178,0,763,1059,0,1822
8223,0,733,1044,0,1777
8230,0,729,1041,0,1770
8227,0,725,1048,0,1773
8172,0,755,1073,0,1828
8187,0,758,1055,0,1813
8203,0,741,1056,0,1797
8184,0,760,1056,0,1816
8205,0,761,1034,0,1795
8147,0,777,1076,0,1853
8149,0,782,1069,0,1851
8139,0,784,1077,0,1861
8116,0,775,1109,0,1884
8077,0,799,1124,0,1923
8099,0,788,1113,0,1901
8092,0,800,1108,0,1908
8043,0,830,1127,0,1957
7995,0,849,1156,0,2005
8054,0,834,1112,0,1946
8068,0,811,1121,0,1932
8049,0,818,1133,0,1951
7990,0,842,1168,0,2010
8028,0,824,1148,0,1972
7953,0,857,1190,0,2047
7914,0,867,1219,0,2086
7905,0,891,1204,0,2095
7911,0,902,1187,0,2089
7925,0,864,1211,0,2075
7940,0,853,1207,0,2060
7926,0,850,1224,0,2074
7905,0,860,1235,0,2095
7931,0,840,1229,0,2069
7904,0,856,1240,0,2096
7886,0,869,1245,0,2114
7865,0,873,1262,0,2135
7825,0,910,1265,0,2175
7820,0,925,1255,0,2180
7849,0,911,1240,0,2151
7867,0,899,1234,0,2133
7889,0,885,1226,0,2111
7893,0,895,1212,0,2107
7906,0,882,1212,0,2094
7908,0,885,1207,0,2092
7873,0,915,1212,0,2127
7885,0,912,1203,0,2115
7867,0,929,1204,0,2133
7812,0,970,1218,0,2188
7814,0,966,1220,0,2186
7807,0,986,1207,0,2193
7765,0,1014,1221,0,2235
7740,0,1031,1229,0,2260
7776,0,995,1229,0,2224
7729,0,1017,1254,0,2271
7727,0,1019,1254,0,2273
7746,0,1019,1235,0,2254
7761,0,1001,1238,0,2239
7742,0,1007,1251,0,2258
7705,0,1038,1257,0,2295
7688,0,1032,1280,0,2312
7665,0,1071,1264,0,2335
7616,0,1072,1312,0,2384
7608,0,1046,1346,0,2392
7566,0,1078,1356,0,2434
7566,0,1058,1376,0,2434
7572,0,1060,1368,0,2428
7545,0,1070,1385,0,2455
7475,0,1107,1418,0,2525
7464,0,1133,1403,0,2536
7452,0,1152,1396,0,2548
7413,0,1153,1434,0,2587
7408,0,1176,1416,0,2592
7367,0,1180,1453,0,2633
7341,0,1216,1443,0,2659
7318,0,1245,1437,0,2682
7303,0,1239,1458,0,2697
7284,0,1246,1470,0,2716
7257,0,1233,1510,0,2743
7249,0,1277,1474,0,2751
7247,0,1261,1492,0,2753
7244,0,1241,1515,0,2756
7246,0,1257,1497,0,2754
7276,0,1239,1485,0,2724
7233,0,1274,1493,0,2767
7204,0,1281,1515,0,2796
7131,0,1380,1489,0,2869
7165,0,1367,1468,0,2835
7167,0,1384,1449,0,2833
7120,0,1399,1481,0,2880
7103,0,1400,1497,0,2897
7136,0,1376,1488,0,2864
7108,0,1375,1517,0,2892
7080,0,1399,1521,0,2920
7070,0,1400,1530,0,2930
7081,0,1416,1503,0,2919
7046,0,1440,1514,0,2954
7009,0,1466,1525,0,2991
6987,0,1478,1535,0,3013
6938,0,1518,1544,0,3062
6918,0,1546,1536,0,3082
6911,0,1590,1499,0,3089
6875,0,1627,1498,0,3125
6832,0,1656,1512,0,3168
6797,0,1657,1546,0,3203
6780,0,1686,1534,0,3220
6786,0,1717,1497,0,3214
6801,0,1691,1508,0,3199
6793,0,1675,1532,0,3207
6793,0,1680,1527,0,3207
6782,0,1689,1529,0,3218
6718,0,1733,1549,0,3282
6688,0,1699,1613,0,3312
6719,0,1690,1591,0,3281
6709,0,1699,1592,0,3291
6755,0,1665,1580,0,3245
6722,0,1688,1590,0,3278
6759,0,1681,1560,0,3241
6741,0,1678,1581,0,3259
6767,0,1668,1565,0,3233
6840,0,1596,1564,0,3160
6804,0,1628,1568,0,3196
6900,0,1572,1528,0,3100
6903,0,1570,1527,0,3097
6823,0,1628,1549,0,3177
6823,0,1599,1578,0,3177
6810,0,1627,1563,0,3190
6791,0,1641,1568,0,3209
6822,0,1604,1574,0,3178
6789,0,1620,1591,0,3211
6806,0,1631,1563,0,3194
6772,0,1661,1567,0,3228
6737,0,1682,1581,0,3263
6701,0,1701,1598,0,3299
6711,0,1687,1602,0,3289
6725,0,1705,1570,0,3275
6689,0,1757,1554,0,3311
6674,0,1765,1561,0,3326
6677,0,1759,1564,0,3323
6728,0,1734,1538,0,3272
6715,0,1758,1527,0,3285
6697,0,1763,1540,0,3303
6705,0,1746,1549,0,3295
6712,0,1727,1561,0,3288
6636,0,1773,1591,0,3364
6660,0,1759,1581,0,3340
6605,0,1789,1606,0,3395
6590,0,1791,1619,0,3410
6594,0,1793,1613,0,3406
6601,0,1788,1611,0,3399
6563,0,1819,1618,0,3437
6579,0,1845,1576,0,3421
6506,0,1874,1620,0,3494
6552,0,1856,1592,0,3448
6533,0,1870,1597,0,3467
6531,0,1871,1598,0,3469
6508,0,1901,1591,0,3492
6467,0,1888,1645,0,3533
6441,0,1885,1674,0,3559
6478,0,1877,1645,0,3522
6450,0,1889,1661,0,3550
6464,0,1891,1645,0,3536
6459,0,1925,1616,0,3541
6434,0,1938,1628,0,3566
6349,0,1992,1659,0,3651
6419,0,1928,1653,0,3581
6354,0,1982,1664,0,3646
6329,0,2019,1652,0,3671
6293,0,2015,1692,0,3707
6276,0,2012,1712,0,3724
6215,0,2022,1763,0,3785
6259,0,1995,1746,0,3741
6272,0,2002,1726,0,3728
6213,0,2040,1747,0,3787
6210,0,2047,1743,0,3790
6205,0,2055,1740,0,3795
6206,0,2075,1719,0,3794
6195,0,2069,1736,0,3805
6204,0,2063,1733,0,3796
6169,0,2057,1774,0,3831
6159,0,2068,1773,0,3841
6127,0,2063,1810,0,3873
6075,0,2081,1844,0,3925
6071,0,2073,1856,0,3929
6037,0,2103,1860,0,3963
6017,0,2093,1890,0,3983
6058,0,2068,1874,0,3942
5995,0,2083,1922,0,4005
5942,0,2102,1956,0,4058
5917,0,2112,1971,0,4083
5880,0,2113,2007,0,4120
5879,0,2111,2010,0,4121
5920,0,2129,1951,0,4080
5927,0,2122,1951,0,4073
5934,0,2107,1959,0,4066
5957,0,2109,1934,0,4043
5904,0,2117,1979,0,4096
5875,0,2151,1974,0,4125
5798,0,2194,2008,0,4202
5800,0,2186,2014,0,4200
5808,0,2174,2018,0,4192
5859,0,2153,1988,0,4141
5868,0,2114,2018,0,4132
5876,0,2118,2006,0,4124
5846,0,2139,2015,0,4154
5842,0,2112,2046,0,4158
5780,0,2130,2090,0,4220
5780,0,2139,2081,0,4220
5710,0,2187,2103,0,4290
5749,0,2166,2085,0,4251
5760,0,2169,2071,0,4240
5780,0,2164,2056,0,4220
5765,0,2216,2019,0,4235
5775,0,2210,2015,0,4225
5700,0,2242,2058,0,4300
5685,0,2248,2067,0,4315
5672,0,2235,2093,0,4328
5708,0,2207,2085,0,4292
5707,0,2268,2025,0,4293
5682,0,2247,2071,0,4318
5703,0,2263,2034,0,4297
5675,0,2266,2059,0,4325
5665,0,2285,2050,0,4335
5600,0,2305,2095,0,4400
5584,0,2326,2090,0,4416
5641,0,2307,2052,0,4359
5618,0,2299,2083,0,4382
5583,0,2314,2103,0,4417
5545,0,2340,2115,0,4455
5611,0,2287,2102,0,4389
5632,0,2303,2065,0,4368
5619,0,2309,2072,0,4381
5622,0,2305,2073,0,4378
5570,0,2331,2099,0,4430
5578,0,2330,2092,0,4422
5531,0,2346,2123,0,4469
5543,0,2334,2123,0,4457
5577,0,2326,2097,0,4423
5551,0,2358,2091,0,4449
5556,0,2384,2060,0,4444
5524,0,2404,2072,0,4476
5491,0,2428,2081,0,4509
5505,0,2421,2074,0,4495
5491,0,2428,2081,0,4509
5471,0,2436,2093,0,4529
5424,0,2479,2097,0,4576
5464,0,2441,2095,0,4536
5458,0,2433,2109,0,4542
5395,0,2471,2134,0,4605
5358,0,2498,2144,0,4642
5341,0,2485,2174,0,4659
5325,0,2502,2173,0,4675
5339,0,2494,2167,0,4661
5300,0,2509,2191,0,4700
5341,0,2479,2180,0,4659
5294,0,2485,2221,0,4706
5270,0,2480,2250,0,4730
5260,0,2474,2266,0,4740
5272,0,2474,2254,0,4728
5303,0,2480,2217,0,4697
5322,0,2463,2215,0,4678
5363,0,2435,2202,0,4637
5390,0,2396,2214,0,4610
5396,0,2398,2206,0,4604
5339,0,2421,2240,0,4661
5302,0,2452,2246,0,4698
5310,0,2459,2231,0,4690
5284,0,2468,2248,0,4716
5275,0,2472,2253,0,4725
5270,0,2463,2267,0,4730
5233,0,2433,2334,0,4767
5231,0,2427,2342,0,4769
5269,0,2426,2305,0,4731
5295,0,2430,2275,0,4705
5275,0,2455,2270,0,4725
5245,0,2484,2271,0,4755
5277,0,2479,2244,0,4723
5253,0,2516,2231,0,4747
5256,0,2524,2220,0,4744
5265,0,2499,2236,0,4735
5285,0,2483,2232,0,4715
5277,0,2493,2230,0,4723
5276,0,2492,2232,0,4724
5264,0,2504,2232,0,4736
5213,0,2517,2270,0,4787
5249,0,2499,2252,0,4751
5235,0,2523,2242,0,4765
5206,0,2551,2243,0,4794
5220,0,2546,2234,0,4780
5161,0,2572,2267,0,4839
5154,0,2573,2273,0,4846
5126,0,2602,2272,0,4874
5128,0,2602,2270,0,4872
5059,0,2629,2312,0,4941
5051,0,2643,2306,0,4949
5023,0,2634,2343,0,4977
5037,0,2648,2315,0,4963
5037,0,2642,2321,0,4963
5044,0,2648,2308,0,4956
5097,0,2614,2289,0,4903
5064,0,2642,2294,0,4936
5003,0,2687,2310,0,4997
4973,0,2707,2320,0,5027
4975,0,2697,2328,0,5025
4968,0,2692,2340,0,5032
4956,0,2728,2316,0,5044
4896,0,2759,2345,0,5104
4902,0,2758,2340,0,5098
4857,0,2800,2343,0,5143
4819,0,2795,2386,0,5181
4818,0,2775,2407,0,5182
4804,0,2802,2394,0,5196
4820,0,2785,2395,0,5180
4751,0,2831,2418,0,5249
4708,0,2872,2420,0,5292
4683,0,2880,2437,0,5317
4657,0,2896,2447,0,5343
4596,0,2945,2459,0,5404
4565,0,2934,2501,0,5435
4568,0,2929,2503,0,5432
4548,0,2933,2519,0,5452
4502,0,2967,2531,0,5498
4489,0,2962,2549,0,5511
4407,0,2991,2602,0,5593
4434,0,2968,2598,0,5566
4413,0,2992,2595,0,5587
4388,0,3039,2573,0,5612
4417,0,3046,2537,0,5583
4346,0,3090,2564,0,5654
4340,0,3053,2607,0,5660
4322,0,3082,2596,0,5678
4291,0,3104,2605,0,5709
4293,0,3094,2613,0,5707
4283,0,3084,2633,0,5717
4220,0,3091,2689,0,5780
4319,0,3058,2623,0,5681
4364,0,3019,2617,0,5636
4363,0,3053,2584,0,5637
4410,0,3033,2557,0,5590
4355,0,3042,2603,0,5645
4342,0,3058,2600,0,5658
4324,0,3061,2615,0,5676
4333,0,3035,2632,0,5667
4267,0,3078,2655,0,5733
4254,0,3105,2641,0,5746
4262,0,3102,2636,0,5738
4175,0,3165,2660,0,5825
4135,0,3158,2707,0,5865
4110,0,3168,2722,0,5890
4136,0,3150,2714,0,5864
4074,0,3191,2735,0,5926
4061,0,3209,2730,0,5939
4041,0,3211,2748,0,5959
4002,0,3226,2772,0,5998
4027,0,3219,2754,0,5973
3990,0,3267,2743,0,6010
3982,0,3286,2732,0,6018
3982,0,3278,2740,0,6018
3959,0,3296,2745,0,6041
3996,0,3275,2729,0,6004
4008,0,3262,2730,0,5992
3988,0,3258,2754,0,6012
4024,0,3270,2706,0,5976
4030,0,3276,2694,0,5970
4027,0,3293,2680,0,5973
4015,0,3301,2684,0,5985
3924,0,3344,2732,0,6076
3930,0,3344,2726,0,6070
3960,0,3303,2737,0,6040
3961,0,3279,2760,0,6039
3927,0,3309,2764,0,6073
3900,0,3316,2784,0,6100
3914,0,3286,2800,0,6086
3921,0,3286,2793,0,6079
3856,0,3310,2834,0,6144
3846,0,3309,2845,0,6154
3795,0,3323,2882,0,6205
3769,0,3355,2876,0,6231
3816,0,3290,2894,0,6184
3759,0,3313,2928,0,6241
3726,0,3326,2948,0,6274
3667,0,3370,2963,0,6333
3703,0,3373,2924,0,6297
3756,0,3334,2910,0,6244
3772,0,3302,2926,0,6228
3773,0,3307,2920,0,6227
3793,0,3296,2911,0,6207
3759,0,3311,2930,0,6241
3775,0,3319,2906,0,6225
3716,0,3354,2930,0,6284
3750,0,3325,2925,0,6250
3742,0,3300,2958,0,6258
3771,0,3300,2929,0,6229
3731,0,3354,2915,0,6269
3711,0,3384,2905,0,6289
3692,0,3426,2882,0,6308
3739,0,3400,2861,0,6261
3688,0,3457,2855,0,6312
3701,0,3462,2837,0,6299
3702,0,3471,2827,0,6298
3682,0,3484,2834,0,6318
3725,0,3451,2824,0,6275
3693,0,3464,2843,0,6307
3648,0,3483,2869,0,6352
3616,0,3487,2897,0,6384
3626,0,3478,2896,0,6374
3571,0,3496,2933,0,6429
3603,0,3474,2923,0,6397
3641,0,3432,2927,0,6359
3638,0,3412,2950,0,6362
3612,0,3391,2997,0,6388
3600,0,3403,2997,0,6400
3605,0,3380,3015,0,6395
3584,0,3384,3032,0,6416
3596,0,3390,3014,0,6404
3601,0,3406,2993,0,6399
3575,0,3437,2988,0,6425
3572,0,3471,2957,0,6428
3587,0,3429,2984,0,6413
3625,0,3394,2981,0,6375
3625,0,3404,2971,0,6375
3564,0,3449,2987,0,6436
3543,0,3463,2994,0,6457
3519,0,3483,2998,0,6481
3478,0,3542,2980,0,6522
3497,0,3523,2980,0,6503
3447,0,3541,3012,0,6553
3431,0,3513,3056,0,6569
3414,0,3499,3087,0,6586
3457,0,3490,3053,0,6543
3418,0,3517,3065,0,6582
3373,0,3531,3096,0,6627
3367,0,3534,3099,0,6633
3333,0,3540,3127,0,6667
3302,0,3575,3123,0,6698
3280,0,3585,3135,0,6720
3255,0,3587,3158,0,6745
3264,0,3574,3162,0,6736
3274,0,3570,3156,0,6726
3317,0,3529,3154,0,6683
3388,0,3474,3138,0,6612
3402,0,3476,3122,0,6598
3417,0,3470,3113,0,6583
3412,0,3483,3105,0,6588
3430,0,3487,3083,0,6570
3480,0,3438,3082,0,6520
3467,0,3458,3075,0,6533
3466,0,3423,3111,0,6534
3448,0,3418,3134,0,6552
3471,0,3390,3139,0,6529
3438,0,3433,3129,0,6562
3428,0,3450,3122,0,6572
3412,0,3449,3139,0,6588
3441,0,3436,3123,0,6559
3434,0,3447,3119,0,6566
3505,0,3389,3106,0,6495
3538,0,3393,3069,0,6462
3564,0,3408,3028,0,6436
3558,0,3390,3052,0,6442
3555,0,3431,3014,0,6445
3525,0,3419,3056,0,6475
3452,0,3479,3069,0,6548
3441,0,3490,3069,0,6559
3408,0,3524,3068,0,6592
3413,0,3528,3059,0,6587
3407,0,3533,3060,0,6593
3419,0,3536,3045,0,6581
3413,0,3542,3045,0,6587
3361,0,3591,3048,0,6639
3321,0,3614,3065,0,6679
3302,0,3620,3078,0,6698
3325,0,3593,3082,0,6675
3365,0,3594,3041,0,6635
3347,0,3604,3049,0,6653
3324,0,3639,3037,0,6676
3388,0,3604,3008,0,6612
3382,0,3614,3004,0,6618
3357,0,3628,3015,0,6643
3349,0,3658,2993,0,6651
3393,0,3650,2957,0,6607
3330,0,3714,2956,0,6670
3340,0,3682,2978,0,6660
3372,0,3658,2970,0,6628
3339,0,3659,3002,0,6661
3310,0,3661,3029,0,6690
3240,0,3712,3048,0,6760
3239,0,3701,3060,0,6761
3207,0,3736,3057,0,6793
3217,0,3734,3049,0,6783
3195,0,3735,3070,0,6805
3202,0,3719,3079,0,6798
3230,0,3723,3047,0,6770
3267,0,3710,3023,0,6733
3293,0,3687,3020,0,6707
3301,0,3695,3004,0,6699
3322,0,3675,3003,0,6678
3373,0,3648,2979,0,6627
3356,0,3656,2988,0,6644
3366,0,3654,2980,0,6634
3317,0,3683,3000,0,6683
3314,0,3720,2966,0,6686
3309,0,3720,2971,0,6691
3364,0,3662,2974,0,6636
3370,0,3645,2985,0,6630
3408,0,3625,2967,0,6592
3370,0,3664,2966,0,6630
3388,0,3627,2985,0,6612
3401,0,3604,2995,0,6599
3382,0,3617,3001,0,6618
3325,0,3649,3026,0,6675
3306,0,3656,3038,0,6694
3323,0,3630,3047,0,6677
3320,0,3641,3039,0,6680
3291,0,3666,3043,0,6709
3281,0,3666,3053,0,6719
3276,0,3687,3037,0,6724
3227,0,3716,3057,0,6773
3260,0,3705,3035,0,6740
3195,0,3770,3035,0,6805
3204,0,3778,3018,0,6796
3186,0,3797,3017,0,6814
3256,0,3756,2988,0,6744
3278,0,3775,2947,0,6722
3241,0,3770,2989,0,6759
3215,0,3809,2976,0,6785
3206,0,3803,2991,0,6794
3210,0,3800,2990,0,6790
3210,0,3795,2995,0,6790
3188,0,3810,3002,0,6812
3184,0,3790,3026,0,6816
3163,0,3796,3041,0,6837
3169,0,3763,3068,0,6831
3081,0,3807,3112,0,6919
3076,0,3792,3132,0,6924
3072,0,3794,3134,0,6928
3017,0,3802,3181,0,6983
3044,0,3779,3177,0,6956
3031,0,3803,3166,0,6969
3077,0,3777,3146,0,6923
3080,0,3790,3130,0,6920
3069,0,3787,3144,0,6931
3100,0,3769,3131,0,6900
3139,0,3759,3102,0,6861
3178,0,3718,3104,0,6822
3173,0,3731,3096,0,6827
3176,0,3736,3088,0,6824
3197,0,3704,3099,0,6803
3216,0,3712,3072,0,6784
3274,0,3688,3038,0,6726
3241,0,3742,3017,0,6759
3199,0,3755,3046,0,6801
3226,0,3716,3058,0,6774
3201,0,3730,3069,0,6799
3203,0,3698,3099,0,6797
3193,0,3698,3109,0,6807
3228,0,3670,3102,0,6772
3218,0,3688,3094,0,6782
3189,0,3717,3094,0,6811
3206,0,3704,3090,0,6794
3227,0,3706,3067,0,6773
3256,0,3699,3045,0,6744
3255,0,3726,3019,0,6745
3257,0,3715,3028,0,6743
3276,0,3692,3032,0,6724
3281,0,3664,3055,0,6719
3261,0,3703,3036,0,6739
3260,0,3692,3048,0,6740
3249,0,3740,3011,0,6751
3265,0,3724,3011,0,6735
3241,0,3737,3022,0,6759
3278,0,3748,2974,0,6722
3297,0,3771,2932,0,6703
3323,0,3734,2943,0,6677
3345,0,3721,2934,0,6655
3316,0,3760,2924,0,6684
3299,0,3781,2920,0,6701
3315,0,3769,2916,0,6685
3339,0,3767,2894,0,6661
3325,0,3778,2897,0,6675
3345,0,3799,2856,0,6655
3312,0,3804,2884,0,6688
3320,0,3790,2890,0,6680
3348,0,3754,2898,0,6652
3329,0,3770,2901,0,6671
3317,0,3762,2921,0,6683
3293,0,3790,2917,0,6707
3236,0,3838,2926,0,6764
3296,0,3802,2902,0,6704
3315,0,3787,2898,0,6685
3244,0,3837,2919,0,6756
3297,0,3799,2904,0,6703
3290,0,3794,2916,0,6710
3246,0,3846,2908,0,6754
3209,0,3846,2945,0,6791
3208,0,3851,2941,0,6792
3168,0,3874,2958,0,6832
3170,0,3873,2957,0,6830
3176,0,3836,2988,0,6824
3161,0,3871,2968,0,6839
3159,0,3838,3003,0,6841
3162,0,3866,2972,0,6838
3192,0,3821,2987,0,6808
3228,0,3796,2976,0,6772
3216,0,3817,2967,0,6784
3185,0,3834,2981,0,6815
3213,0,3811,2976,0,6787
3261,0,3792,2947,0,6739
3275,0,3785,2940,0,6725
3328,0,3746,2926,0,6672
3305,0,3767,2928,0,6695
3331,0,3776,2893,0,6669
3370,0,3772,2858,0,6630
3422,0,3722,2856,0,6578
3398,0,3709,2893,0,6602
3417,0,3697,2886,0,6583
3455,0,3669,2876,0,6545
3471,0,3665,2864,0,6529
3475,0,3651,2874,0,6525
3412,0,3683,2905,0,6588
3398,0,3667,2935,0,6602
3380,0,3695,2925,0,6620
3365,0,3699,2936,0,6635
3365,0,3691,2944,0,6635
3394,0,3683,2923,0,6606
3429,0,3672,2899,0,6571
3411,0,3694,2895,0,6589
3438,0,3668,2894,0,6562
3459,0,3612,2929,0,6541
3550,0,3552,2898,0,6450
3518,0,3587,2895,0,6482
3555,0,3552,2893,0,6445
3530,0,3560,2910,0,6470
3481,0,3606,2913,0,6519
3449,0,3612,2939,0,6551
3464,0,3607,2929,0,6536
3496,0,3578,2926,0,6504
3509,0,3539,2952,0,6491
3459,0,3583,2958,0,6541
3412,0,3613,2975,0,6588
3422,0,3623,2955,0,6578
3446,0,3609,2945,0,6554
3443,0,3626,2931,0,6557
3480,0,3585,2935,0,6520
3468,0,3601,2931,0,6532
3461,0,3589,2950,0,6539
3443,0,3582,2975,0,6557
3398,0,3605,2997,0,6602
3431,0,3581,2988,0,6569
3444,0,3548,3008,0,6556
3433,0,3577,2990,0,6567
3373,0,3630,2997,0,6627
3366,0,3628,3006,0,6634
3368,0,3602,3030,0,6632
3379,0,3580,3041,0,6621
3330,0,3603,3067,0,6670
3294,0,3627,3079,0,6706
3231,0,3696,3073,0,6769
3274,0,3675,3051,0,6726
3310,0,3652,3038,0,6690
3300,0,3658,3042,0,6700
3283,0,3684,3033,0,6717
3266,0,3687,3047,0,6734
3291,0,3644,3065,0,6709
3263,0,3650,3087,0,6737
3293,0,3623,3084,0,6707
3223,0,3670,3107,0,6777
3196,0,3694,3110,0,6804
3187,0,3693,3120,0,6813
3119,0,3727,3154,0,6881
3154,0,3730,3116,0,6846
3156,0,3730,3114,0,6844
3117,0,3760,3123,0,6883
3098,0,3764,3138,0,6902
3116,0,3718,3166,0,6884
3136,0,3717,3147,0,6864
3128,0,3723,3149,0,6872
3112,0,3750,3138,0,6888
3103,0,3722,3175,0,6897
3065,0,3723,3212,0,6935
3048,0,3756,3196,0,6952
2999,0,3788,3213,0,7001
3007,0,3789,3204,0,6993
3044,0,3763,3193,0,6956
2985,0,3803,3212,0,7015
2964,0,3842,3194,0,7036
2905,0,3863,3232,0,7095
2897,0,3847,3256,0,7103
2878,0,3884,3238,0,7122
2856,0,3889,3255,0,7144
2922,0,3850,3228,0,7078
2941,0,3827,3232,0,7059
2927,0,3827,3246,0,7073
2977,0,3787,3236,0,7023
2982,0,3809,3209,0,7018
2970,0,3791,3239,0,7030
2987,0,3792,3221,0,7013
3010,0,3761,3229,0,6990
3050,0,3736,3214,0,6950
3053,0,3765,3182,0,6947
3085,0,3764,3151,0,6915
3070,0,3773,3157,0,6930
3005,0,3818,3177,0,6995
3000,0,3830,3170,0,7000
3034,0,3808,3158,0,6966
3069,0,3773,3158,0,6931
3048,0,3788,3164,0,6952
3023,0,3783,3194,0,6977
3009,0,3803,3188,0,6991
3013,0,3816,3171,0,6987
3011,0,3810,3179,0,6989
3040,0,3780,3180,0,6960
3052,0,3759,3189,0,6948
3012,0,3761,3227,0,6988
2994,0,3772,3234,0,7006
2999,0,3789,3212,0,7001
3005,0,3792,3203,0,6995
3053,0,3766,3181,0,6947
3090,0,3744,3166,0,6910
3059,0,3785,3156,0,6941
3097,0,3792,3111,0,6903
3076,0,3809,3115,0,6924
3086,0,3828,3086,0,6914
3119,0,3781,3100,0,6881
3137,0,3769,3094,0,6863
3178,0,3738,3084,0,6822
3171,0,3744,3085,0,6829
3193,0,3751,3056,0,6807
3231,0,3737,3032,0,6769
3208,0,3772,3020,0,6792
3226,0,3756,3018,0,6774
3211,0,3772,3017,0,6789
3178,0,3801,3021,0,6822
3179,0,3818,3003,0,6821
3133,0,3855,3012,0,6867
3143,0,3866,2991,0,6857
3029,0,3926,3045,0,6971
3061,0,3917,3022,0,6939
3070,0,3926,3004,0,6930
3122,0,3907,2971,0,6878
3083,0,3937,2980,0,6917
3112,0,3923,2965,0,6888
3101,0,3919,2980,0,6899
3091,0,3891,3018,0,6909
3041,0,3936,3023,0,6959
3023,0,3961,3016,0,6977
3003,0,3966,3031,0,6997
3014,0,3946,3040,0,6986
3035,0,3961,3004,0,6965
2982,0,4001,3017,0,7018
2984,0,3992,3024,0,7016
3043,0,3966,2991,0,6957
3016,0,3986,2998,0,6984
3006,0,3993,3001,0,6994
2980,0,3992,3028,0,7020
2951,0,3988,3061,0,7049
2958,0,4026,3016,0,7042
2928,0,4043,3029,0,7072
2916,0,4066,3018,0,7084
2890,0,4040,3070,0,7110
2911,0,4015,3074,0,7089
2910,0,4009,3081,0,7090
2945,0,3974,3081,0,7055
2895,0,4004,3101,0,7105
2935,0,3986,3079,0,7065
2939,0,3997,3064,0,7061
2996,0,3970,3034,0,7004
2961,0,4006,3033,0,7039
2952,0,4005,3043,0,7048
2982,0,3980,3038,0,7018
3015,0,3970,3015,0,6985
3049,0,3956,2995,0,6951
3031,0,3960,3009,0,6969
3001,0,4004,2995,0,6999
2975,0,4048,2977,0,7025
2922,0,4080,2998,0,7078
2908,0,4134,2958,0,7092
2921,0,4118,2961,0,7079
2888,0,4100,3012,0,7112
2903,0,4111,2986,0,7097
2893,0,4133,2974,0,7107
2862,0,4150,2988,0,7138
2849,0,4156,2995,0,7151
2827,0,4168,3005,0,7173
2825,0,4180,2995,0,7175
2798,0,4219,2983,0,7202
2829,0,4213,2958,0,7171
2838,0,4219,2943,0,7162
2838,0,4186,2976,0,7162
2817,0,4198,2985,0,7183
2821,0,4188,2991,0,7179
2784,0,4208,3008,0,7216
2756,0,4223,3021,0,7244
2817,0,4199,2984,0,7183
2812,0,4217,2971,0,7188
2793,0,4203,3004,0,7207
2790,0,4205,3005,0,7210
2822,0,4185,2993,0,7178
2846,0,4185,2969,0,7154
2848,0,4205,2947,0,7152
2877,0,4197,2926,0,7123
2908,0,4189,2903,0,7092
2866,0,4214,2920,0,7134
2824,0,4257,2919,0,7176
2867,0,4222,2911,0,7133
2890,0,4216,2894,0,7110
2869,0,4202,2929,0,7131
2923,0,4180,2897,0,7077
2892,0,4212,2896,0,7108
2926,0,4219,2855,0,7074
2922,0,4218,2860,0,7078
2904,0,4208,2888,0,7096
2939,0,4199,2862,0,7061
2982,0,4189,2829,0,7018
2960,0,4191,2849,0,7040
2935,0,4215,2850,0,7065
2894,0,4253,2853,0,7106
2878,0,4276,2846,0,7122
2822,0,4314,2864,0,7178
2841,0,4319,2840,0,7159
2832,0,4292,2876,0,7168
2821,0,4318,2861,0,7179
2814,0,4341,2845,0,7186
2854,0,4331,2815,0,7146
2863,0,4341,2796,0,7137
2869,0,4383,2748,0,7131
2856,0,4414,2730,0,7144
2839,0,4433,2728,0,7161
2828,0,4426,2746,0,7172
2840,0,4423,2737,0,7160
2880,0,4408,2712,0,7120
2897,0,4413,2690,0,7103
2933,0,4404,2663,0,7067
2909,0,4408,2683,0,7091
2914,0,4424,2662,0,7086
2928,0,4427,2645,0,7072
2889,0,4419,2692,0,7111
2951,0,4391,2658,0,7049
2992,0,4381,2627,0,7008
3060,0,4353,2587,0,6940
3040,0,4379,2581,0,6960
3090,0,4375,2535,0,6910
3127,0,4326,2547,0,6873
3104,0,4331,2565,0,6896
3123,0,4324,2553,0,6877
3105,0,4338,2557,0,6895
3121,0,4346,2533,0,6879
3121,0,4340,2539,0,6879
3116,0,4347,2537,0,6884
3132,0,4328,2540,0,6868
3140,0,4314,2546,0,6860
3149,0,4339,2512,0,6851
3164,0,4312,2524,0,6836
3154,0,4333,2513,0,6846
3180,0,4301,2519,0,6820
3135,0,4312,2553,0,6865
3089,0,4304,2607,0,6911
3128,0,4278,2594,0,6872
3126,0,4299,2575,0,6874
3166,0,4284,2550,0,6834
3160,0,4285,2555,0,6840
3217,0,4247,2536,0,6783
3244,0,4256,2500,0,6756
3203,0,4290,2507,0,6797
3209,0,4283,2508,0,6791
3196,0,4313,2491,0,6804
3217,0,4332,2451,0,6783
3235,0,4320,2445,0,6765
3237,0,4326,2437,0,6763
3180,0,4397,2423,0,6820
3142,0,4414,2444,0,6858
3175,0,4407,2418,0,6825
3229,0,4377,2394,0,6771
3251,0,4373,2376,0,6749
3236,0,4401,2363,0,6764
3197,0,4430,2373,0,6803
3203,0,4429,2368,0,6797
3218,0,4408,2374,0,6782
3172,0,4424,2404,0,6828
3222,0,4362,2416,0,6778
3224,0,4346,2430,0,6776
3241,0,4338,2421,0,6759
3216,0,4351,2433,0,6784
3192,0,4391,2417,0,6808
3142,0,4401,2457,0,6858
3138,0,4361,2501,0,6862
3152,0,4348,2500,0,6848
3152,0,4309,2539,0,6848
3142,0,4325,2533,0,6858
3160,0,4339,2501,0,6840
3192,0,4301,2507,0,6808
3151,0,4330,2519,0,6849
3135,0,4336,2529,0,6865
3217,0,4298,2485,0,6783
3230,0,4256,2514,0,6770
3219,0,4251,2530,0,6781
3163,0,4277,2560,0,6837
3115,0,4320,2565,0,6885
3170,0,4280,2550,0,6830
3138,0,4329,2533,0,6862
3127,0,4319,2554,0,6873
3093,0,4349,2558,0,6907
3051,0,4402,2547,0,6949
3060,0,4403,2537,0,6940
3017,0,4415,2568,0,6983
3035,0,4420,2545,0,6965
3051,0,4409,2540,0,6949
3090,0,4398,2512,0,6910
3054,0,4393,2553,0,6946
3130,0,4340,2530,0,6870
3069,0,4376,2555,0,6931
3023,0,4380,2597,0,6977
3054,0,4333,2613,0,6946
3087,0,4339,2574,0,6913
3075,0,4344,2581,0,6925
3066,0,4345,2589,0,6934
3031,0,4392,2577,0,6969
3038,0,4381,2581,0,6962
3052,0,4387,2561,0,6948
3032,0,4407,2561,0,6968
2997,0,4396,2607,0,7003
2976,0,4429,2595,0,7024
2972,0,4435,2593,0,7028
2988,0,4429,2583,0,7012
3017,0,4420,2563,0,6983
3051,0,4412,2537,0,6949
3072,0,4418,2510,0,6928
3101,0,4415,2484,0,6899
3153,0,4352,2495,0,6847
3146,0,4350,2504,0,6854
3151,0,4357,2492,0,6849
3159,0,4357,2484,0,6841
3191,0,4303,2506,0,6809
3160,0,4335,2505,0,6840
3200,0,4301,2499,0,6800
3234,0,4316,2450,0,6766
3274,0,4299,2427,0,6726
3296,0,4294,2410,0,6704
3307,0,4296,2397,0,6693
3286,0,4327,2387,0,6714
3270,0,4352,2378,0,6730
3291,0,4315,2394,0,6709
3268,0,4316,2416,0,6732
3338,0,4249,2413,0,6662
3292,0,4269,2439,0,6708
3340,0,4262,2398,0,6660
3265,0,4319,2416,0,6735
3273,0,4312,2415,0,6727
3275,0,4312,2413,0,6725
3302,0,4291,2407,0,6698
3347,0,4265,2388,0,6653
3335,0,4275,2390,0,6665
3308,0,4298,2394,0,6692
3319,0,4281,2400,0,6681
3314,0,4297,2389,0,6686
3307,0,4303,2390,0,6693
3311,0,4308,2381,0,6689
3284,0,4330,2386,0,6716
3301,0,4322,2377,0,6699
3291,0,4326,2383,0,6709
3287,0,4313,2400,0,6713
3271,0,4332,2397,0,6729
3232,0,4363,2405,0,6768
3205,0,4412,2383,0,6795
3187,0,4411,2402,0,6813
3168,0,4409,2423,0,6832
3143,0,4425,2432,0,6857
3140,0,4424,2436,0,6860
3156,0,4426,2418,0,6844
3168,0,4402,2430,0,6832
3167,0,4412,2421,0,6833
3201,0,4384,2415,0,6799
3266,0,4377,2357,0,6734
3209,0,4402,2389,0,6791
3217,0,4427,2356,0,6783
3154,0,4451,2395,0,6846
3084,0,4483,2433,0,6916
3129,0,4453,2418,0,6871
3098,0,4476,2426,0,6902
3181,0,4429,2390,0,6819
3150,0,4427,2423,0,6850
3138,0,4443,2419,0,6862
3122,0,4466,2412,0,6878
3126,0,4449,2425,0,6874
3146,0,4421,2433,0,6854
3169,0,4415,2416,0,6831
3196,0,4390,2414,0,6804
3174,0,4402,2424,0,6826
3161,0,4408,2431,0,6839
3144,0,4407,2449,0,6856
3125,0,4417,2458,0,6875
3152,0,4419,2429,0,6848
3120,0,4431,2449,0,6880
3133,0,4405,2462,0,6867
3070,0,4440,2490,0,6930
3120,0,4429,2451,0,6880
3111,0,4446,2443,0,6889
3115,0,4456,2429,0,6885
3124,0,4458,2418,0,6876
3108,0,4446,2446,0,6892
3064,0,4478,2458,0,6936
3086,0,4452,2462,0,6914
3051,0,4516,2433,0,6949
3069,0,4520,2411,0,6931
3083,0,4468,2449,0,6917
3107,0,4435,2458,0,6893
3107,0,4416,2477,0,6893
3106,0,4417,2477,0,6894
3145,0,4398,2457,0,6855
3083,0,4430,2487,0,6917
3126,0,4400,2474,0,6874
3136,0,4418,2446,0,6864
3084,0,4466,2450,0,6916
3063,0,4493,2444,0,6937
3094,0,4469,2437,0,6906
3124,0,4456,2420,0,6876
3076,0,4465,2459,0,6924
3068,0,4453,2479,0,6932
3057,0,4478,2465,0,6943
2977,0,4517,2506,0,7023
2952,0,4540,2508,0,7048
2940,0,4557,2503,0,7060
2950,0,4576,2474,0,7050
2953,0,4594,2453,0,7047
2988,0,4587,2425,0,7012
2998,0,4570,2432,0,7002
2950,0,4622,2428,0,7050
2951,0,4626,2423,0,7049
2945,0,4620,2435,0,7055
2929,0,4642,2429,0,7071
2925,0,4639,2436,0,7075
2878,0,4677,2445,0,7122
2880,0,4701,2419,0,7120
2892,0,4706,2402,0,7108
2920,0,4698,2382,0,7080
2936,0,4682,2382,0,7064
2993,0,4649,2358,0,7007
2990,0,4664,2346,0,7010
3021,0,4619,2360,0,6979
3066,0,4590,2344,0,6934
3057,0,4600,2343,0,6943
3052,0,4618,2330,0,6948
3082,0,4602,2316,0,6918
3046,0,4613,2341,0,6954
3017,0,4636,2347,0,6983
2949,0,4657,2394,0,7051
2946,0,4646,2408,0,7054
2926,0,4643,2431,0,7074
2854,0,4674,2472,0,7146
2854,0,4664,2482,0,7146
2834,0,4697,2469,0,7166
2829,0,4691,2480,0,7171
2837,0,4670,2493,0,7163
2872,0,4642,2486,0,7128
2823,0,4655,2522,0,7177
2793,0,4661,2546,0,7207
2790,0,4689,2521,0,7210
2836,0,4676,2488,0,7164
2835,0,4685,2480,0,7165
2852,0,4671,2477,0,7148
2836,0,4686,2478,0,7164
2842,0,4676,2482,0,7158
2851,0,4681,2468,0,7149
2828,0,4699,2473,0,7172
2816,0,4706,2478,0,7184
2832,0,4683,2485,0,7168
2827,0,4700,2473,0,7173
2834,0,4712,2454,0,7166
2808,0,4712,2480,0,7192
2811,0,4681,2508,0,7189
2810,0,4681,2509,0,7190
2799,0,4702,2499,0,7201
2836,0,4675,2489,0,7164
2821,0,4693,2486,0,7179
2813,0,4711,2476,0,7187
2788,0,4718,2494,0,7212
2769,0,4721,2510,0,7231
2794,0,4725,2481,0,7206
2784,0,4738,2478,0,7216
2771,0,4747,2482,0,7229
2821,0,4750,2429,0,7179
2849,0,4755,2396,0,7151
2882,0,4743,2375,0,7118
2848,0,4770,2382,0,7152
2847,0,4780,2373,0,7153
2827,0,4803,2370,0,7173
2783,0,4833,2384,0,7217
2724,0,4872,2404,0,7276
2754,0,4865,2381,0,7246
2784,0,4876,2340,0,7216
2774,0,4905,2321,0,7226
2807,0,4869,2324,0,7193
2802,0,4869,2329,0,7198
2778,0,4898,2324,0,7222
2806,0,4870,2324,0,7194
2819,0,4878,2303,0,7181
2794,0,4864,2342,0,7206
2767,0,4862,2371,0,7233
2775,0,4852,2373,0,7225
2782,0,4836,2382,0,7218
2864,0,4764,2372,0,7136
2827,0,4788,2385,0,7173
2817,0,4796,2387,0,7183
2884,0,4749,2367,0,7116
2958,0,4727,2315,0,7042
2973,0,4749,2278,0,7027
2932,0,4761,2307,0,7068
2882,0,4794,2324,0,7118
2892,0,4802,2306,0,7108
2820,0,4844,2336,0,7180
2821,0,4835,2344,0,7179
2850,0,4816,2334,0,7150
2851,0,4812,2337,0,7149
2876,0,4800,2324,0,7124
2886,0,4801,2313,0,7114
2856,0,4819,2325,0,7144
2866,0,4818,2316,0,7134
2862,0,4819,2319,0,7138
2892,0,4801,2307,0,7108
2848,0,4836,2316,0,7152
2835,0,4839,2326,0,7165
2870,0,4799,2331,0,7130
2892,0,4768,2340,0,7108
2902,0,4743,2355,0,7098
2933,0,4740,2327,0,7067
2926,0,4748,2326,0,7074
2914,0,4745,2341,0,7086
2829,0,4807,2364,0,7171
2842,0,4817,2341,0,7158
2869,0,4816,2315,0,7131
2885,0,4825,2290,0,7115
2912,0,4818,2270,0,7088
2968,0,4775,2257,0,7032
2979,0,4766,2255,0,7021
3018,0,4713,2269,0,6982
2989,0,4717,2294,0,7011
2977,0,4733,2290,0,7023
2999,0,4723,2278,0,7001
3061,0,4660,2279,0,6939
3096,0,4664,2240,0,6904
3097,0,4675,2228,0,6903
3103,0,4667,2230,0,6897
3123,0,4654,2223,0,6877
3071,0,4709,2220,0,6929
3104,0,4682,2214,0,6896
3102,0,4695,2203,0,6898
3087,0,4704,2209,0,6913
3078,0,4734,2188,0,6922
3072,0,4771,2157,0,6928
3084,0,4763,2153,0,6916
3075,0,4779,2146,0,6925
3099,0,4776,2125,0,6901
3090,0,4778,2132,0,6910
3131,0,4748,2121,0,6869
3124,0,4771,2105,0,6876
3112,0,4779,2109,0,6888
3099,0,4813,2088,0,6901
3081,0,4828,2091,0,6919
3041,0,4851,2108,0,6959
3018,0,4877,2105,0,6982
2986,0,4902,2112,0,7014
3003,0,4915,2082,0,6997
3037,0,4868,2095,0,6963
3062,0,4846,2092,0,6938
3053,0,4851,2096,0,6947
2998,0,4891,2111,0,7002
2992,0,4869,2139,0,7008
2969,0,4894,2137,0,7031
2975,0,4878,2147,0,7025
2965,0,4909,2126,0,7035
