2377,2525,0,2543,2555,7623
7411,721,0,901,967,2589
7358,1419,0,619,604,2642
6580,2194,0,619,607,3420
5833,2946,0,608,613,4167
5069,3648,0,634,649,4931
4490,4178,0,657,675,5510
4080,4471,0,710,739,5920
3866,4619,0,741,774,6134
3684,4664,0,796,856,6316
3602,4629,0,845,924,6398
3598,4508,0,890,1004,6402
3677,4348,0,937,1038,6323
3753,4106,0,1018,1123,6247
3987,3860,0,1049,1104,6013
4098,3685,0,1056,1161,5902
4256,3458,0,1115,1171,5744
4440,3312,0,1080,1168,5560
4525,3190,0,1115,1170,5475
4716,3038,0,1059,1187,5284
4769,3002,0,1074,1155,5231
4766,2942,0,1096,1196,5234
4814,2913,0,1096,1177,5186
4806,2858,0,1120,1216,5194
4911,2791,0,1091,1207,5089
4863,2797,0,1132,1208,5137
4894,2806,0,1101,1199,5106
4845,2754,0,1143,1258,5155
4834,2777,0,1156,1233,5166
4845,2758,0,1115,1282,5155
4816,2755,0,1112,1317,5184
4866,2678,0,1125,1331,5134
4968,2637,0,1121,1274,5032
4906,2627,0,1161,1306,5094
4930,2604,0,1134,1332,5070
4957,2529,0,1153,1361,5043
5052,2489,0,1153,1306,4948
5029,2473,0,1194,1304,4971
5053,2428,0,1209,1310,4947
5096,2430,0,1177,1297,4904
5129,2426,0,1205,1240,4871
5141,2408,0,1162,1289,4859
5165,2478,0,1143,1214,4835
5067,2504,0,1180,1249,4933
5084,2558,0,1109,1249,4916
5036,2620,0,1115,1229,4964
5022,2654,0,1129,1195,4978
5012,2688,0,1098,1202,4988
4932,2691,0,1123,1254,5068
5004,2636,0,1105,1255,4996
5008,2652,0,1153,1187,4992
5054,2608,0,1117,1221,4946
5123,2599,0,1093,1185,4877
5117,2649,0,1128,1106,4883
5006,2641,0,1166,1187,4994
5034,2636,0,1137,1193,4966
4990,2661,0,1164,1185,5010
5027,2712,0,1126,1135,4973
4927,2781,0,1139,1153,5073
4883,2775,0,1169,1173,5117
4835,2764,0,1198,1203,5165
4907,2723,0,1180,1190,5093
4904,2718,0,1180,1198,5096
4904,2649,0,1200,1247,5096
5027,2587,0,1171,1215,4973
5058,2564,0,1186,1192,4942
5125,2564,0,1171,1140,4875
5116,2540,0,1210,1134,4884
5161,2506,0,1194,1139,4839
5201,2488,0,1194,1117,4799
5228,2524,0,1148,1100,4772
5172,2506,0,1203,1119,4828
5174,2490,0,1200,1136,4826
5180,2514,0,1206,1100,4820
5157,2573,0,1155,1115,4843
5057,2680,0,1137,1126,4943
4921,2716,0,1176,1187,5079
4971,2707,0,1180,1142,5029
4910,2712,0,1155,1223,5090
5039,2667,0,1122,1172,4961
4975,2692,0,1113,1220,5025
4968,2675,0,1173,1184,5032
5002,2620,0,1220,1158,4998
5050,2633,0,1201,1116,4950
4980,2677,0,1213,1130,5020
4964,2701,0,1208,1127,5036
4942,2650,0,1275,1133,5058
5018,2612,0,1216,1154,4982
4969,2603,0,1244,1184,5031
4996,2502,0,1285,1217,5004
5194,2400,0,1202,1204,4806
5244,2416,0,1179,1161,4756
5181,2452,0,1216,1151,4819
5177,2492,0,1188,1143,4823
5182,2538,0,1143,1137,4818
5087,2593,0,1162,1158,4913
5101,2574,0,1176,1149,4899
5116,2600,0,1189,1095,4884
5032,2622,0,1197,1149,4968
5096,2557,0,1206,1141,4904
5096,2576,0,1160,1168,4904
5096,2576,0,1168,1160,4904
5167,2552,0,1129,1152,4833
5181,2604,0,1099,1116,4819
5062,2670,0,1136,1132,4938
5072,2698,0,1106,1124,4928
5014,2709,0,1137,1140,4986
4985,2661,0,1198,1156,5015
5131,2610,0,1145,1114,4869
5146,2626,0,1148,1080,4854
5070,2654,0,1149,1127,4930
5127,2624,0,1118,1131,4873
5020,2641,0,1192,1147,4980
5155,2586,0,1103,1156,4845
5153,2577,0,1126,1144,4847
5177,2551,0,1099,1173,4823
5240,2547,0,1085,1128,4760
5200,2610,0,1057,1133,4800
5132,2575,0,1132,1161,4868
5195,2548,0,1143,1114,4805
5166,2581,0,1095,1158,4834
5133,2641,0,1084,1142,4867
5029,2691,0,1108,1172,4971
4985,2718,0,1106,1191,5015
4939,2701,0,1109,1251,5061
4927,2724,0,1111,1238,5073
4944,2715,0,1111,1230,5056
4969,2704,0,1119,1208,5031
4934,2689,0,1121,1256,5066
5033,2620,0,1127,1220,4967
5065,2591,0,1100,1244,4935
5135,2606,0,1072,1187,4865
5092,2576,0,1127,1205,4908
5153,2494,0,1135,1218,4847
5243,2435,0,1118,1204,4757
5303,2383,0,1136,1178,4697
5314,2398,0,1105,1183,4686
5334,2381,0,1087,1198,4666
5396,2410,0,1056,1138,4604
5354,2404,0,1093,1149,4646
5432,2355,0,1065,1148,4568
5426,2377,0,1076,1121,4574
5330,2403,0,1104,1163,4670
5345,2382,0,1122,1151,4655
5410,2365,0,1117,1108,4590
5393,2399,0,1099,1109,4607
5301,2520,0,1055,1124,4699
5230,2562,0,1094,1114,4770
5263,2607,0,1092,1038,4737
5173,2707,0,1042,1078,4827
5105,2805,0,1012,1078,4895
5010,2882,0,1017,1091,4990
4866,2892,0,1127,1115,5134
4846,2890,0,1129,1135,5154
4881,2860,0,1111,1148,5119
4865,2855,0,1118,1162,5135
4939,2849,0,1060,1152,5061
4854,2817,0,1129,1200,5146
4965,2729,0,1105,1201,5035
5006,2654,0,1107,1233,4994
5072,2607,0,1124,1197,4928
4972,2635,0,1140,1253,5028
5012,2641,0,1133,1214,4988
5038,2641,0,1091,1230,4962
5019,2596,0,1178,1207,4981
5043,2588,0,1166,1203,4957
5090,2559,0,1169,1182,4910
5087,2507,0,1182,1224,4913
5210,2458,0,1165,1167,4790
5139,2440,0,1180,1241,4861
5256,2366,0,1153,1225,4744
5282,2373,0,1129,1216,4718
5316,2385,0,1093,1206,4684
5316,2418,0,1080,1186,4684
5288,2449,0,1062,1201,4712
5274,2452,0,1064,1210,4726
5287,2455,0,1097,1161,4713
5318,2438,0,1120,1124,4682
5300,2431,0,1135,1134,4700
5373,2431,0,1123,1073,4627
5349,2483,0,1146,1022,4651
5274,2570,0,1164,992,4726
5210,2636,0,1133,1021,4790
5177,2666,0,1091,1066,4823
5068,2735,0,1102,1095,4932
5023,2773,0,1124,1080,4977
5017,2732,0,1163,1088,4983
5024,2646,0,1238,1092,4976
5108,2582,0,1227,1083,4892
5103,2546,0,1294,1057,4897
5148,2496,0,1276,1080,4852
5227,2473,0,1235,1065,4773
5268,2424,0,1207,1101,4732
5266,2398,0,1216,1120,4734
5354,2359,0,1190,1097,4646
5293,2339,0,1233,1135,4707
5340,2299,0,1190,1171,4660
5380,2288,0,1173,1159,4620
5337,2273,0,1190,1200,4663
5453,2259,0,1197,1091,4547
5432,2262,0,1189,1117,4568
5447,2219,0,1211,1123,4553
5488,2186,0,1225,1101,4512
5591,2196,0,1150,1063,4409
5491,2269,0,1182,1058,4509
5463,2298,0,1183,1056,4537
5431,2351,0,1159,1059,4569
5343,2399,0,1200,1058,4657
5394,2458,0,1151,997,4606
5270,2554,0,1179,997,4730
5179,2643,0,1163,1015,4821
5200,2645,0,1117,1038,4800
5143,2697,0,1110,1050,4857
5086,2742,0,1110,1062,4914
4984,2766,0,1155,1095,5016
4955,2764,0,1160,1121,5045
4976,2721,0,1170,1133,5024
4991,2674,0,1156,1179,5009
5021,2665,0,1156,1158,4979
5017,2637,0,1177,1169,4983
5013,2590,0,1213,1184,4987
5095,2509,0,1189,1207,4905
5176,2413,0,1209,1202,4824
5365,2310,0,1167,1158,4635
5377,2250,0,1224,1149,4623
5577,2185,0,1133,1105,4423
5543,2224,0,1162,1071,4457
5529,2226,0,1148,1097,4471
5520,2275,0,1159,1046,4480
5472,2301,0,1168,1059,4528
5451,2342,0,1149,1058,4549
5381,2399,0,1164,1056,4619
5412,2428,0,1154,1006,4588
5334,2503,0,1155,1008,4666
5225,2568,0,1217,990,4775
5221,2614,0,1168,997,4779
5130,2628,0,1203,1039,4870
5150,2593,0,1218,1039,4850
5114,2525,0,1211,1150,4886
5337,2452,0,1167,1044,4663
5232,2488,0,1198,1082,4768
5321,2520,0,1144,1015,4679
5148,2583,0,1197,1072,4852
5174,2574,0,1162,1090,4826
5068,2587,0,1187,1158,4932
5057,2572,0,1238,1133,4943
5127,2551,0,1185,1137,4873
5156,2506,0,1192,1146,4844
5205,2434,0,1168,1193,4795
5316,2406,0,1125,1153,4684
5296,2397,0,1146,1161,4704
5363,2394,0,1131,1112,4637
5274,2442,0,1186,1098,4726
5205,2557,0,1151,1087,4795
5023,2594,0,1230,1153,4977
5103,2550,0,1242,1105,4897
5048,2530,0,1246,1176,4952
5161,2495,0,1235,1109,4839
5189,2482,0,1205,1124,4811
5148,2434,0,1220,1198,4852
5222,2421,0,1129,1228,4778
5242,2413,0,1148,1197,4758
5279,2369,0,1093,1259,4721
5364,2394,0,1093,1149,4636
5300,2472,0,1093,1135,4700
5192,2490,0,1173,1145,4808
5191,2501,0,1121,1187,4809
5226,2473,0,1096,1205,4774
5194,2459,0,1120,1227,4806
5221,2482,0,1120,1177,4779
5236,2558,0,1064,1142,4764
5147,2635,0,1076,1142,4853
5046,2681,0,1131,1142,4954
5012,2730,0,1105,1153,4988
4927,2774,0,1154,1145,5073
4854,2785,0,1194,1167,5146
4799,2764,0,1220,1217,5201
4843,2662,0,1239,1256,5157
4899,2571,0,1239,1291,5101
5048,2488,0,1211,1253,4952
5056,2446,0,1226,1272,4944
5184,2327,0,1233,1256,4816
5247,2226,0,1269,1258,4753
5426,2158,0,1255,1161,4574
5496,2084,0,1233,1187,4504
5643,2001,0,1213,1143,4357
5726,1930,0,1224,1120,4274
5852,1926,0,1158,1064,4148
5853,1959,0,1113,1075,4147
5774,2004,0,1157,1065,4226
5832,2015,0,1088,1065,4168
5843,2057,0,1073,1027,4157
5740,2191,0,1039,1030,4260
5658,2342,0,1024,976,4342
5407,2484,0,1081,1028,4593
5344,2562,0,1049,1045,4656
5217,2619,0,1097,1067,4783
5105,2650,0,1115,1130,4895
5114,2636,0,1141,1109,4886
5137,2624,0,1112,1127,4863
5010,2678,0,1170,1142,4990
5012,2671,0,1187,1130,4988
4943,2651,0,1243,1163,5057
5064,2558,0,1245,1133,4936
5130,2514,0,1226,1130,4870
5163,2442,0,1276,1119,4837
5264,2407,0,1234,1095,4736
5238,2419,0,1247,1096,4762
5249,2378,0,1234,1139,4751
5275,2362,0,1252,1111,4725
5305,2355,0,1235,1105,4695
5281,2363,0,1226,1130,4719
5301,2414,0,1219,1066,4699
5282,2433,0,1188,1097,4718
5301,2443,0,1182,1074,4699
5322,2511,0,1100,1067,4678
5234,2569,0,1125,1072,4766
5160,2588,0,1153,1099,4840
5092,2654,0,1210,1044,4908
5095,2679,0,1176,1050,4905
4996,2724,0,1215,1065,5004
5029,2692,0,1235,1044,4971
5082,2689,0,1229,1000,4918
5061,2636,0,1303,1000,4939
5188,2649,0,1198,965,4812
5120,2679,0,1255,946,4880
5121,2659,0,1237,983,4879
5105,2619,0,1283,993,4895
5098,2613,0,1281,1008,4902
5078,2596,0,1279,1047,4922
5192,2558,0,1241,1009,4808
5127,2597,0,1175,1101,4873
5202,2602,0,1123,1073,4798
5107,2672,0,1141,1080,4893
4979,2696,0,1196,1129,5021
4983,2629,0,1249,1139,5017
5093,2573,0,1221,1113,4907
5025,2557,0,1287,1131,4975
5144,2472,0,1264,1120,4856
5266,2398,0,1268,1068,4734
5374,2322,0,1254,1050,4626
5440,2309,0,1229,1022,4560
5449,2327,0,1200,1024,4551
5397,2369,0,1220,1014,4603
5376,2437,0,1144,1043,4624
5311,2432,0,1176,1081,4689
5347,2448,0,1161,1044,4653
5296,2475,0,1145,1084,4704
5219,2516,0,1168,1097,4781
5203,2507,0,1188,1102,4797
5200,2470,0,1223,1107,4800
5334,2399,0,1197,1070,4666
5327,2447,0,1181,1045,4673
5224,2474,0,1267,1035,4776
5249,2528,0,1190,1033,4751
5136,2569,0,1279,1016,4864
5190,2570,0,1227,1013,4810
5134,2587,0,1292,987,4866
5207,2566,0,1244,983,4793
5182,2541,0,1283,994,4818
5196,2534,0,1238,1032,4804
5217,2463,0,1272,1048,4783
5261,2388,0,1281,1070,4739
5303,2384,0,1217,1096,4697
5297,2384,0,1209,1110,4703
5272,2419,0,1221,1088,4728
5208,2479,0,1226,1087,4792
5110,2523,0,1272,1095,4890
5173,2475,0,1273,1079,4827
5215,2406,0,1271,1108,4785
5321,2393,0,1227,1059,4679
5346,2439,0,1176,1039,4654
5314,2430,0,1228,1028,4686
5264,2495,0,1211,1030,4736
5163,2548,0,1254,1035,4837
5207,2551,0,1168,1074,4793
5247,2569,0,1170,1014,4753
5185,2635,0,1156,1024,4815
5159,2642,0,1181,1018,4841
5060,2655,0,1206,1079,4940
5134,2621,0,1208,1037,4866
5156,2628,0,1219,997,4844
5136,2637,0,1203,1024,4864
5140,2616,0,1210,1034,4860
5217,2579,0,1188,1016,4783
5229,2540,0,1195,1036,4771
5304,2494,0,1162,1040,4696
5256,2485,0,1193,1066,4744
5228,2508,0,1220,1044,4772
5167,2585,0,1183,1065,4833
5119,2620,0,1192,1069,4881
5077,2612,0,1192,1119,4923
5125,2558,0,1184,1133,4875
5219,2468,0,1252,1061,4781
5305,2413,0,1181,1101,4695
5348,2391,0,1214,1047,4652
5353,2410,0,1234,1003,4647
5298,2468,0,1257,977,4702
5259,2496,0,1247,998,4741
5202,2492,0,1281,1025,4798
5301,2510,0,1217,972,4699
5146,2551,0,1293,1010,4854
5204,2574,0,1216,1006,4796
5113,2617,0,1249,1021,4887
5101,2635,0,1234,1030,4899
5043,2647,0,1246,1064,4957
4990,2607,0,1303,1100,5010
5098,2554,0,1281,1067,4902
5096,2519,0,1267,1118,4904
5188,2486,0,1239,1087,4812
5249,2425,0,1289,1037,4751
5335,2400,0,1271,994,4665
5288,2378,0,1286,1048,4712
5382,2366,0,1263,989,4618
5342,2372,0,1312,974,4658
5323,2427,0,1294,956,4677
5342,2431,0,1287,940,4658
5309,2456,0,1239,996,4691
5221,2473,0,1306,1000,4779
5296,2410,0,1285,1009,4704
5337,2365,0,1287,1011,4663
5394,2343,0,1253,1010,4606
5389,2329,0,1258,1024,4611
5436,2313,0,1237,1014,4564
5453,2320,0,1196,1031,4547
5383,2374,0,1219,1024,4617
5312,2386,0,1238,1064,4688
5354,2401,0,1203,1042,4646
5248,2431,0,1244,1077,4752
5321,2434,0,1213,1032,4679
5301,2413,0,1276,1010,4699
5353,2410,0,1243,994,4647
5362,2422,0,1235,981,4638
5296,2500,0,1254,950,4704
5305,2531,0,1208,956,4695
5264,2519,0,1263,954,4736
5292,2577,0,1216,915,4708
5139,2641,0,1291,929,4861
5184,2657,0,1205,954,4816
5143,2652,0,1242,963,4857
5136,2615,0,1217,1032,4864
5151,2571,0,1274,1004,4849
5182,2573,0,1261,984,4818
5161,2542,0,1301,996,4839
5242,2520,0,1265,973,4758
5160,2556,0,1293,991,4840
5154,2530,0,1276,1040,4846
5161,2558,0,1277,1004,4839
5114,2612,0,1211,1063,4886
5089,2611,0,1234,1066,4911
5212,2574,0,1182,1032,4788
5189,2607,0,1183,1021,4811
5162,2621,0,1218,999,4838
5098,2707,0,1216,979,4902
4982,2772,0,1233,1013,5018
4898,2764,0,1283,1055,5102
4951,2737,0,1287,1025,5049
4961,2686,0,1312,1041,5039
5040,2605,0,1335,1020,4960
5071,2556,0,1362,1011,4929
5168,2479,0,1327,1026,4832
5294,2383,0,1311,1012,4706
5347,2350,0,1270,1033,4653
5409,2371,0,1255,965,4591
5276,2397,0,1309,1018,4724
5299,2359,0,1301,1041,4701
5365,2331,0,1273,1031,4635
5381,2395,0,1255,969,4619
5190,2488,0,1269,1053,4810
5238,2476,0,1268,1018,4762
5195,2463,0,1297,1045,4805
5290,2439,0,1271,1000,4710
5265,2458,0,1321,956,4735
5288,2401,0,1320,991,4712
5350,2366,0,1382,902,4650
5345,2363,0,1390,902,4655
5373,2356,0,1346,925,4627
5362,2386,0,1360,892,4638
5330,2438,0,1361,871,4670
5296,2497,0,1328,879,4704
5212,2577,0,1330,881,4788
5077,2631,0,1351,941,4923
5052,2625,0,1403,920,4948
5096,2577,0,1385,942,4904
5203,2512,0,1387,898,4797
5223,2467,0,1389,921,4777
5292,2410,0,1385,913,4708
5360,2393,0,1326,921,4640
5304,2410,0,1344,942,4696
5347,2436,0,1310,907,4653
5256,2508,0,1317,919,4744
5242,2523,0,1353,882,4758
5162,2551,0,1398,889,4838
5233,2548,0,1384,835,4767
5101,2572,0,1448,879,4899
5241,2520,0,1410,829,4759
5216,2504,0,1419,861,4784
5260,2525,0,1362,853,4740
5096,2587,0,1424,893,4904
5123,2618,0,1360,899,4877
5047,2617,0,1382,954,4953
5039,2579,0,1430,952,4961
5067,2565,0,1431,937,4933
5132,2501,0,1426,941,4868
5155,2411,0,1458,976,4845
5318,2375,0,1378,929,4682
5297,2439,0,1355,909,4703
5312,2494,0,1324,870,4688
5217,2516,0,1370,897,4783
5206,2536,0,1407,851,4794
5198,2545,0,1369,888,4802
5230,2542,0,1366,862,4770
5209,2591,0,1350,850,4791
5117,2623,0,1409,851,4883
5108,2651,0,1421,820,4892
5089,2614,0,1416,881,4911
5152,2588,0,1402,858,4848
5160,2547,0,1427,866,4840
5248,2522,0,1357,873,4752
5175,2500,0,1375,950,4825
5309,2421,0,1320,950,4691
5313,2399,0,1293,995,4687
5366,2349,0,1310,975,4634
5326,2407,0,1255,1012,4674
5287,2453,0,1270,990,4713
5262,2490,0,1267,981,4738
5197,2554,0,1287,962,4803
5179,2587,0,1317,917,4821
5144,2627,0,1294,935,4856
5081,2689,0,1310,920,4919
4962,2739,0,1396,903,5038
5028,2711,0,1362,899,4972
5044,2724,0,1286,946,4956
5018,2711,0,1295,976,4982
5033,2674,0,1296,997,4967
4997,2672,0,1295,1036,5003
5038,2643,0,1296,1023,4962
5011,2659,0,1323,1007,4989
5027,2591,0,1314,1068,4973
5037,2509,0,1393,1061,4963
5260,2422,0,1314,1004,4740
5330,2358,0,1319,993,4670
5399,2344,0,1274,983,4601
5410,2399,0,1279,912,4590
5278,2410,0,1330,982,4722
5339,2426,0,1290,945,4661
5257,2476,0,1272,995,4743
5202,2436,0,1324,1038,4798
5275,2461,0,1344,920,4725
5242,2472,0,1357,929,4758
5233,2436,0,1419,912,4767
5287,2421,0,1330,962,4713
5233,2413,0,1374,980,4767
5251,2415,0,1341,993,4749
5223,2420,0,1380,977,4777
5246,2344,0,1391,1019,4754
5379,2326,0,1357,938,4621
5299,2367,0,1321,1013,4701
5365,2363,0,1323,949,4635
5347,2362,0,1304,987,4653
5408,2398,0,1280,914,4592
5405,2421,0,1245,929,4595
5307,2462,0,1283,948,4693
5351,2457,0,1277,915,4649
5235,2469,0,1320,976,4765
5249,2473,0,1290,988,4751
5175,2468,0,1326,1031,4825
5256,2466,0,1272,1006,4744
5145,2500,0,1292,1063,4855
5144,2498,0,1307,1051,4856
5155,2459,0,1351,1035,4845
5213,2432,0,1342,1013,4787
5203,2381,0,1411,1005,4797
5288,2349,0,1352,1011,4712
5260,2323,0,1427,990,4740
5294,2298,0,1394,1014,4706
5390,2243,0,1332,1035,4610
5403,2204,0,1359,1034,4597
5444,2238,0,1323,995,4556
5390,2260,0,1324,1026,4610
5462,2228,0,1333,977,4538
5433,2251,0,1322,994,4567
5500,2279,0,1280,941,4500
5430,2304,0,1309,957,4570
5427,2365,0,1260,948,4573
5373,2401,0,1300,926,4627
5380,2418,0,1304,898,4620
5379,2473,0,1240,908,4621
5253,2561,0,1266,920,4747
5131,2628,0,1282,959,4869
5163,2622,0,1229,986,4837
5058,2633,0,1309,1000,4942
5144,2630,0,1274,952,4856
5093,2619,0,1309,979,4907
5089,2585,0,1341,985,4911
5111,2548,0,1332,1009,4889
5251,2494,0,1313,942,4749
5259,2489,0,1331,921,4741
5257,2469,0,1369,905,4743
5204,2484,0,1368,944,4796
5169,2463,0,1413,955,4831
5193,2480,0,1359,968,4807
5228,2509,0,1351,912,4772
5220,2514,0,1332,934,4780
5220,2580,0,1267,933,4780
5119,2634,0,1299,948,4881
5141,2625,0,1280,954,4859
5046,2717,0,1280,957,4954
5036,2745,0,1248,971,4964
4931,2758,0,1299,1012,5069
5035,2716,0,1254,995,4965
4978,2694,0,1348,980,5022
5060,2581,0,1350,1009,4940
5103,2552,0,1339,1006,4897
5100,2530,0,1367,1003,4900
5120,2482,0,1387,1011,4880
5209,2455,0,1352,984,4791
5230,2448,0,1335,987,4770
5296,2436,0,1287,981,4704
5275,2433,0,1292,1000,4725
5354,2388,0,1262,996,4646
5275,2425,0,1294,1006,4725
5285,2415,0,1291,1009,4715
5332,2396,0,1276,996,4668
5359,2389,0,1261,991,4641
5291,2366,0,1276,1067,4709
5350,2378,0,1240,1032,4650
5312,2439,0,1231,1018,4688
5273,2519,0,1219,989,4727
5086,2633,0,1216,1065,4914
5009,2729,0,1244,1018,4991
4886,2757,0,1256,1101,5114
4954,2711,0,1251,1084,5046
4899,2705,0,1273,1123,5101
4904,2671,0,1307,1118,5096
5020,2556,0,1309,1115,4980
5102,2496,0,1340,1062,4898
5117,2444,0,1344,1095,4883
5215,2372,0,1399,1014,4785
5219,2361,0,1416,1004,4781
5226,2357,0,1400,1017,4774
5295,2404,0,1355,946,4705
5173,2413,0,1404,1010,4827
5314,2354,0,1342,990,4686
5297,2371,0,1353,979,4703
5307,2333,0,1402,958,4693
5383,2282,0,1374,961,4617
5404,2254,0,1367,975,4596
5392,2259,0,1345,1004,4608
5469,2249,0,1339,943,4531
5381,2316,0,1302,1001,4619
5341,2337,0,1337,985,4659
5325,2351,0,1336,988,4675
5313,2346,0,1336,1005,4687
5315,2299,0,1347,1039,4685
5372,2275,0,1340,1013,4628
5361,2244,0,1338,1057,4639
5470,2210,0,1301,1019,4530
5557,2211,0,1276,956,4443
5536,2210,0,1307,947,4464
5579,2183,0,1312,926,4421
5569,2184,0,1333,914,4431
5591,2239,0,1273,897,4409
5501,2290,0,1323,886,4499
5537,2280,0,1305,878,4463
5544,2289,0,1280,887,4456
5555,2383,0,1235,827,4445
5412,2478,0,1243,867,4588
5324,2585,0,1241,850,4676
5173,2648,0,1299,880,4827
5123,2693,0,1309,875,4877
5007,2733,0,1351,909,4993
4991,2764,0,1359,886,5009
4951,2805,0,1332,912,5049
4874,2857,0,1356,913,5126
4827,2799,0,1377,997,5173
4959,2679,0,1369,993,5041
5035,2615,0,1336,1014,4965
5131,2515,0,1360,994,4869
5237,2430,0,1342,991,4763
5240,2413,0,1378,969,4760
5285,2350,0,1357,1008,4715
5323,2277,0,1380,1020,4677
5382,2194,0,1410,1014,4618
5503,2183,0,1347,967,4497
5587,2218,0,1307,888,4413
5487,2248,0,1368,897,4513
5489,2258,0,1355,898,4511
5464,2240,0,1371,925,4536
5495,2266,0,1356,883,4505
5439,2346,0,1294,921,4561
5364,2420,0,1308,908,4636
5283,2468,0,1350,899,4717
5279,2510,0,1341,870,4721
5149,2607,0,1330,914,4851
5086,2640,0,1352,922,4914
5137,2609,0,1319,935,4863
5073,2518,0,1412,997,4927
5293,2390,0,1351,966,4707
5283,2290,0,1413,1014,4717
5425,2200,0,1391,984,4575
5490,2146,0,1378,986,4510
5594,2157,0,1313,936,4406
5666,2171,0,1291,872,4334
5596,2236,0,1272,896,4404
5516,2283,0,1319,882,4484
5514,2307,0,1273,906,4486
5451,2327,0,1354,868,4549
5377,2285,0,1403,935,4623
5478,2251,0,1348,923,4522
5515,2294,0,1281,910,4485
5458,2352,0,1314,876,4542
5497,2403,0,1255,845,4503
5441,2454,0,1213,892,4559
5425,2500,0,1219,856,4575
5315,2573,0,1208,904,4685
5272,2640,0,1201,887,4728
5200,2676,0,1254,870,4800
5210,2667,0,1240,883,4790
5017,2730,0,1275,978,4983
4996,2717,0,1297,990,5004
5017,2690,0,1348,945,4983
5040,2678,0,1344,938,4960
5056,2706,0,1322,916,4944
5023,2630,0,1409,938,4977
5154,2583,0,1343,920,4846
5116,2566,0,1426,892,4884
5142,2553,0,1392,913,4858
5236,2462,0,1401,901,4764
5370,2345,0,1360,925,4630
5474,2303,0,1344,879,4526
5547,2274,0,1290,889,4453
5473,2279,0,1332,916,4527
5513,2247,0,1303,937,4487
5586,2271,0,1234,909,4414
5523,2314,0,1265,898,4477
5528,2326,0,1235,911,4472
5462,2365,0,1275,898,4538
5453,2387,0,1232,928,4547
5466,2368,0,1270,896,4534
5476,2392,0,1215,917,4524
5387,2480,0,1221,912,4613
5349,2488,0,1218,945,4651
5355,2478,0,1217,950,4645
5432,2480,0,1179,909,4568
5319,2545,0,1222,914,4681
5252,2640,0,1224,884,4748
5172,2687,0,1246,895,4828
5128,2742,0,1233,897,4872
5034,2777,0,1292,897,4966
5119,2718,0,1316,847,4881
5042,2716,0,1375,867,4958
5057,2707,0,1361,875,4943
5055,2622,0,1402,921,4945
5140,2536,0,1363,961,4860
5244,2427,0,1380,949,4756
5349,2410,0,1327,914,4651
5466,2393,0,1263,878,4534
5371,2430,0,1297,902,4629
5388,2409,0,1289,914,4612
5364,2460,0,1234,942,4636
5318,2453,0,1287,942,4682
5355,2426,0,1270,949,4645
5290,2430,0,1332,948,4710
5352,2396,0,1308,944,4648
5310,2390,0,1340,960,4690
5411,2360,0,1294,935,4589
5393,2367,0,1313,927,4607
5427,2371,0,1262,940,4573
5397,2407,0,1270,926,4603
5377,2464,0,1265,894,4623
5288,2531,0,1251,930,4712
5199,2621,0,1253,927,4801
5076,2679,0,1274,971,4924
5057,2695,0,1258,990,4943
5073,2653,0,1247,1027,4927
5042,2629,0,1241,1088,4958
5117,2594,0,1211,1078,4883
5051,2606,0,1260,1083,4949
5098,2562,0,1291,1049,4902
5137,2501,0,1296,1066,4863
5260,2387,0,1333,1020,4740
5333,2363,0,1294,1010,4667
5365,2326,0,1293,1016,4635
5513,2305,0,1224,958,4487
5519,2304,0,1210,967,4481
5488,2314,0,1239,959,4512
5476,2364,0,1234,926,4524
5376,2416,0,1255,953,4624
5308,2475,0,1278,939,4692
5223,2521,0,1299,957,4777
5193,2518,0,1302,987,4807
5215,2496,0,1277,1012,4785
5189,2504,0,1295,1012,4811
5316,2477,0,1235,972,4684
5316,2443,0,1240,1001,4684
5336,2418,0,1243,1003,4664
5351,2443,0,1231,975,4649
5288,2535,0,1225,952,4712
5249,2532,0,1239,980,4751
5194,2523,0,1299,984,4806
5226,2489,0,1272,1013,4774
5166,2485,0,1331,1018,4834
5242,2438,0,1297,1023,4758
5249,2444,0,1307,1000,4751
5293,2464,0,1270,973,4707
5212,2536,0,1278,974,4788
5071,2584,0,1329,1016,4929
5164,2494,0,1311,1031,4836
5264,2368,0,1320,1048,4736
5325,2332,0,1322,1021,4675
5377,2280,0,1333,1010,4623
5453,2202,0,1311,1034,4547
5556,2134,0,1321,989,4444
5632,2141,0,1236,991,4368
5601,2200,0,1238,961,4399
5487,2314,0,1221,978,4513
5365,2425,0,1224,986,4635
5210,2504,0,1265,1021,4790
5196,2496,0,1304,1004,4804
5204,2473,0,1329,994,4796
5195,2455,0,1298,1052,4805
5236,2362,0,1335,1067,4764
5421,2310,0,1281,988,4579
5475,2356,0,1240,929,4525
5360,2460,0,1240,940,4640
5249,2503,0,1278,970,4751
5256,2537,0,1250,957,4744
5143,2588,0,1262,1007,4857
5093,2566,0,1317,1024,4907
5166,2521,0,1325,988,4834
5229,2485,0,1288,998,4771
5260,2422,0,1370,948,4740
5320,2399,0,1305,976,4680
5333,2374,0,1367,926,4667
5420,2327,0,1304,949,4580
5421,2305,0,1368,906,4579
5469,2260,0,1354,917,4531
5496,2250,0,1385,869,4504
5532,2288,0,1335,845,4468
5427,2365,0,1318,890,4573
5385,2448,0,1311,856,4615
5284,2511,0,1314,891,4716
5232,2570,0,1301,897,4768
5164,2606,0,1333,897,4836
5143,2603,0,1346,908,4857
5180,2559,0,1319,942,4820
5229,2540,0,1315,916,4771
5277,2504,0,1297,922,4723
5328,2496,0,1244,932,4672
5288,2512,0,1225,975,4712
5256,2475,0,1245,1024,4744
5273,2487,0,1224,1016,4727
5308,2484,0,1242,966,4692
5262,2530,0,1243,965,4738
5180,2579,0,1263,978,4820
5172,2606,0,1309,913,4828
5044,2689,0,1323,944,4956
5061,2672,0,1362,905,4939
4943,2656,0,1436,965,5057
5093,2605,0,1371,931,4907
5105,2574,0,1404,917,4895
5252,2540,0,1295,913,4748
5257,2499,0,1333,911,4743
5336,2499,0,1271,894,4664
5244,2550,0,1285,921,4756
5180,2581,0,1289,950,4820
5162,2552,0,1351,935,4838
5157,2529,0,1332,982,4843
5136,2531,0,1324,1009,4864
5266,2423,0,1312,999,4734
5313,2376,0,1321,990,4687
5414,2281,0,1325,980,4586
5464,2266,0,1338,932,4536
5574,2266,0,1274,886,4426
5574,2277,0,1288,861,4426
5541,2274,0,1297,888,4459
5525,2318,0,1259,898,4475
5435,2402,0,1292,871,4565
5391,2469,0,1272,868,4609
5292,2553,0,1319,836,4708
5206,2590,0,1349,855,4794
5140,2606,0,1397,857,4860
5149,2641,0,1345,865,4851
5052,2624,0,1412,912,4948
5217,2579,0,1351,853,4783
5231,2562,0,1352,855,4769
5171,2588,0,1310,931,4829
5082,2641,0,1347,930,4918
5043,2605,0,1360,992,4957
5084,2563,0,1368,985,4916
5092,2543,0,1362,1003,4908
5104,2491,0,1400,1005,4896
5210,2412,0,1355,1023,4790
5325,2333,0,1383,959,4675
5308,2297,0,1442,953,4692
5415,2226,0,1409,950,4585
5525,2184,0,1329,962,4475
5608,2160,0,1331,901,4392
5545,2228,0,1315,912,4455
5502,2278,0,1289,931,4498
5466,2335,0,1264,935,4534
5470,2349,0,1284,897,4530
5448,2359,0,1291,902,4552
5364,2388,0,1365,883,4636
5330,2412,0,1369,889,4670
5332,2419,0,1364,885,4668
5302,2422,0,1365,911,4698
5366,2408,0,1316,910,4634
5318,2408,0,1344,930,4682
5347,2407,0,1338,908,4653
5262,2439,0,1409,890,4738
5349,2402,0,1411,838,4651
5286,2382,0,1470,862,4714
5354,2323,0,1438,885,4646
5329,2358,0,1438,875,4671
5375,2353,0,1335,937,4625
5385,2329,0,1326,960,4615
5541,2315,0,1232,912,4459
5448,2371,0,1233,948,4552
5448,2393,0,1223,936,4552
5396,2458,0,1210,936,4604
5346,2491,0,1181,982,4654
5328,2542,0,1159,971,4672
5251,2549,0,1223,977,4749
5221,2583,0,1182,1014,4779
5081,2594,0,1246,1079,4919
5147,2527,0,1257,1069,4853
5186,2461,0,1291,1062,4814
5190,2385,0,1334,1091,4810
5353,2316,0,1319,1012,4647
5440,2272,0,1319,969,4560
5451,2273,0,1316,960,4549
5436,2305,0,1298,961,4564
5420,2320,0,1302,958,4580
5362,2327,0,1315,996,4638
5389,2347,0,1311,953,4611
5401,2383,0,1252,964,4599
5273,2455,0,1312,960,4727
5250,2502,0,1266,982,4750
5144,2573,0,1295,988,4856
5094,2590,0,1299,1017,4906
5119,2587,0,1290,1004,4881
5071,2640,0,1268,1021,4929
4992,2652,0,1329,1027,5008
5014,2664,0,1321,1001,4986
5020,2628,0,1349,1003,4980
5077,2576,0,1375,972,4923
5048,2523,0,1435,994,4952
5247,2414,0,1396,943,4753
5299,2382,0,1345,974,4701
5362,2305,0,1338,995,4638
5423,2313,0,1243,1021,4577
5338,2377,0,1244,1041,4662
5386,2389,0,1209,1016,4614
5376,2433,0,1196,995,4624
5341,2503,0,1214,942,4659
5204,2578,0,1272,946,4796
5172,2548,0,1314,966,4828
5212,2559,0,1312,917,4788
5123,2570,0,1354,953,4877
5226,2529,0,1309,936,4774
5167,2522,0,1389,922,4833
5237,2470,0,1390,903,4763
5243,2441,0,1355,961,4757
5293,2385,0,1364,958,4707
5313,2329,0,1360,998,4687
5365,2248,0,1395,992,4635
5436,2199,0,1401,964,4564
5510,2220,0,1337,933,4490
5552,2261,0,1300,887,4448
5509,2300,0,1310,881,4491
5533,2275,0,1313,879,4467
5479,2334,0,1313,874,4521
5494,2320,0,1302,884,4506
5428,2352,0,1344,876,4572
5362,2367,0,1353,918,4638
5415,2395,0,1282,908,4585
5344,2424,0,1318,914,4656
5449,2417,0,1217,917,4551
5322,2516,0,1242,920,4678
5236,2555,0,1230,979,4764
5215,2557,0,1215,1013,4785
5096,2550,0,1285,1069,4904
5131,2506,0,1276,1087,4869
5202,2459,0,1313,1026,4798
5243,2433,0,1298,1026,4757
5278,2374,0,1363,985,4722
5282,2368,0,1354,996,4718
5324,2391,0,1368,917,4676
5293,2428,0,1314,965,4707
5290,2493,0,1286,931,4710
5239,2548,0,1261,952,4761
5180,2602,0,1259,959,4820
5079,2669,0,1291,961,4921
5033,2689,0,1318,960,4967
4977,2693,0,1360,970,5023
4979,2656,0,1355,1010,5021
5048,2569,0,1408,975,4952
5114,2504,0,1404,978,4886
5189,2399,0,1445,967,4811
5274,2319,0,1420,987,4726
5378,2243,0,1384,995,4622
5444,2177,0,1413,966,4556
5495,2179,0,1394,932,4505
5525,2204,0,1357,914,4475
5467,2221,0,1390,922,4533
5560,2222,0,1310,908,4440
5512,2266,0,1300,922,4488
5447,2292,0,1308,953,4553
5403,2332,0,1335,930,4597
5320,2377,0,1315,988,4680
5293,2404,0,1337,966,4707
5288,2364,0,1311,1037,4712
5361,2296,0,1360,983,4639
5353,2341,0,1352,954,4647
5314,2287,0,1344,1055,4686
5467,2188,0,1318,1027,4533
5485,2170,0,1288,1057,4515
5571,2171,0,1270,988,4429
5604,2178,0,1251,967,4396
5544,2223,0,1260,973,4456
5529,2265,0,1236,970,4471
5437,2359,0,1224,980,4563
5376,2394,0,1254,976,4624
5385,2409,0,1215,991,4615
5293,2433,0,1272,1002,4707
5265,2464,0,1282,989,4735
5285,2468,0,1264,983,4715
5190,2485,0,1290,1035,4810
5206,2460,0,1299,1035,4794
5204,2539,0,1284,973,4796
5115,2511,0,1290,1084,4885
5200,2450,0,1297,1053,4800
5214,2368,0,1341,1077,4786
5376,2248,0,1330,1046,4624
5498,2168,0,1339,995,4502
5584,2130,0,1337,949,4416
5635,2122,0,1275,968,4365
5641,2123,0,1293,943,4359
5654,2169,0,1241,936,4346
5637,2203,0,1208,952,4363
5606,2279,0,1231,884,4394
5420,2352,0,1319,909,4580
5402,2363,0,1299,936,4598
5358,2392,0,1347,903,4642
5326,2463,0,1292,919,4674
5194,2464,0,1362,980,4806
5258,2412,0,1357,973,4742
5280,2380,0,1295,1045,4720
5270,2394,0,1309,1027,4730
5248,2380,0,1314,1058,4752
5327,2318,0,1314,1041,4673
5389,2300,0,1303,1008,4611
5366,2326,0,1327,981,4634
5352,2296,0,1342,1010,4648
5387,2190,0,1378,1045,4613
5484,2179,0,1322,1015,4516
5519,2184,0,1293,1004,4481
5591,2224,0,1260,925,4409
5477,2255,0,1325,943,4523
5487,2306,0,1287,920,4513
5415,2358,0,1296,931,4585
5410,2329,0,1280,981,4590
5451,2324,0,1238,987,4549
5473,2312,0,1236,979,4527
5479,2315,0,1234,972,4521
5493,2328,0,1216,963,4507
5497,2368,0,1186,949,4503
5426,2424,0,1201,949,4574
5448,2467,0,1158,927,4552
5366,2561,0,1175,898,4634
5232,2594,0,1226,948,4768
5259,2593,0,1216,932,4741
5236,2628,0,1202,934,4764
5181,2657,0,1213,949,4819
5152,2636,0,1258,954,4848
5109,2670,0,1286,935,4891
5132,2632,0,1306,930,4868
5150,2632,0,1297,921,4850
5079,2579,0,1397,945,4921
5198,2579,0,1297,926,4802
5133,2573,0,1384,910,4867
5229,2528,0,1348,895,4771
5248,2553,0,1345,854,4752
5199,2581,0,1364,856,4801
5198,2554,0,1346,902,4802
5199,2507,0,1376,918,4801
5184,2525,0,1371,920,4816
5212,2517,0,1380,891,4788
5197,2521,0,1394,888,4803
5217,2508,0,1385,890,4783
5225,2495,0,1356,924,4775
5179,2536,0,1330,955,4821
5263,2478,0,1314,945,4737
5320,2454,0,1336,890,4680
5324,2437,0,1320,919,4676
5341,2438,0,1330,891,4659
5296,2440,0,1343,921,4704
5252,2465,0,1381,902,4748
5284,2481,0,1315,920,4716
5246,2464,0,1342,948,4754
5301,2418,0,1315,966,4699
5338,2436,0,1285,941,4662
5307,2463,0,1276,954,4693
5291,2476,0,1255,978,4709
5289,2485,0,1256,970,4711
5299,2481,0,1203,1017,4701
5321,2497,0,1226,956,4679
5296,2539,0,1210,955,4704
5230,2595,0,1202,973,4770
5127,2632,0,1247,994,4873
5213,2641,0,1253,893,4787
5133,2677,0,1279,911,4867
5055,2731,0,1301,913,4945
4973,2748,0,1326,953,5027
4977,2738,0,1348,937,5023
4957,2741,0,1341,961,5043
4983,2665,0,1392,960,5017
5023,2635,0,1377,965,4977
5057,2553,0,1386,1004,4943
5218,2432,0,1348,1002,4782
5323,2361,0,1355,961,4677
5395,2383,0,1256,966,4605
5318,2440,0,1260,982,4682
5282,2466,0,1269,983,4718
5220,2492,0,1258,1030,4780
5202,2528,0,1269,1001,4798
5192,2548,0,1248,1012,4808
5221,2556,0,1270,953,4779
5120,2575,0,1301,1004,4880
5178,2532,0,1346,944,4822
5237,2477,0,1366,920,4763
5249,2425,0,1351,975,4751
5384,2349,0,1325,942,4616
5395,2285,0,1325,995,4605
5446,2252,0,1276,1026,4554
5467,2201,0,1298,1034,4533
5597,2115,0,1256,1032,4403
5705,2113,0,1176,1006,4295
5700,2117,0,1186,997,4300
5725,2160,0,1141,974,4275
5696,2230,0,1108,966,4304
5603,2334,0,1083,980,4397
5445,2471,0,1121,963,4555
5393,2507,0,1072,1028,4607
5369,2518,0,1105,1008,4631
5300,2529,0,1158,1013,4700
5238,2508,0,1204,1050,4762
5310,2506,0,1186,998,4690
5259,2487,0,1227,1027,4741
5319,2436,0,1263,982,4681
5343,2392,0,1264,1001,4657
5433,2368,0,1251,948,4567
5344,2339,0,1326,991,4656
5386,2319,0,1336,959,4614
5456,2272,0,1355,917,4544
5496,2239,0,1337,928,4504
5532,2224,0,1336,908,4468
5514,2269,0,1281,936,4486
5440,2287,0,1309,964,4560
5481,2280,0,1304,935,4519
5481,2340,0,1285,894,4519
5437,2368,0,1269,926,4563
5450,2383,0,1244,923,4550
5446,2397,0,1251,906,4554
5378,2461,0,1246,915,4622
5371,2507,0,1223,899,4629
5305,2536,0,1246,913,4695
5256,2599,0,1240,905,4744
5125,2650,0,1304,921,4875
5119,2661,0,1325,895,4881
5089,2653,0,1322,936,4911
5177,2601,0,1327,895,4823
5180,2625,0,1280,915,4820
5172,2612,0,1347,869,4828
5208,2591,0,1362,839,4792
5224,2588,0,1357,831,4776
5191,2631,0,1379,799,4809
5086,2654,0,1461,799,4914
5140,2601,0,1461,798,4860
5094,2609,0,1487,810,4906
5130,2554,0,1488,828,4870
5216,2481,0,1435,868,4784
5316,2404,0,1375,905,4684
5357,2355,0,1415,873,4643
5541,2297,0,1327,835,4459
5496,2344,0,1307,853,4504
5532,2335,0,1276,857,4468
5533,2376,0,1246,845,4467
5403,2461,0,1286,850,4597
5336,2466,0,1337,861,4664
5369,2474,0,1325,832,4631
5313,2469,0,1322,896,4687
5369,2466,0,1291,874,4631
5367,2515,0,1262,856,4633
5334,2599,0,1271,796,4666
5069,2733,0,1383,815,4931
5115,2721,0,1366,798,4885
5071,2708,0,1429,792,4929
5140,2697,0,1392,771,4860
5067,2697,0,1471,765,4933
5038,2700,0,1481,781,4962
4975,2716,0,1523,786,5025
5008,2685,0,1530,777,4992
5010,2670,0,1530,790,4990
5047,2572,0,1530,851,4953
5110,2529,0,1506,855,4890
5156,2488,0,1552,804,4844
5182,2478,0,1510,830,4818
5245,2442,0,1493,820,4755
5253,2412,0,1476,859,4747
5327,2368,0,1459,846,4673
5343,2416,0,1408,833,4657
5314,2424,0,1420,842,4686
5340,2429,0,1395,836,4660
5347,2408,0,1376,869,4653
5362,2389,0,1402,847,4638
5431,2348,0,1352,869,4569
5389,2319,0,1455,837,4611
5489,2290,0,1394,827,4511
5451,2330,0,1412,807,4549
5399,2354,0,1417,830,4601
5430,2403,0,1360,807,4570
5319,2462,0,1395,824,4681
5286,2507,0,1394,813,4714
5292,2559,0,1367,782,4708
5135,2640,0,1436,789,4865
5178,2627,0,1412,783,4822
5125,2640,0,1419,816,4875
5255,2541,0,1399,805,4745
5293,2493,0,1402,812,4707
5338,2433,0,1412,817,4662
5388,2380,0,1424,808,4612
5370,2368,0,1489,773,4630
5380,2351,0,1468,801,4620
5347,2366,0,1512,775,4653
5371,2375,0,1480,774,4629
5332,2405,0,1475,788,4668
5349,2418,0,1458,775,4651
5337,2463,0,1372,828,4663
5330,2477,0,1386,807,4670
5315,2491,0,1374,820,4685
5217,2543,0,1358,882,4783
5255,2517,0,1395,833,4745
5204,2549,0,1412,835,4796
5195,2536,0,1463,806,4805
5211,2546,0,1430,813,4789
5147,2576,0,1479,798,4853
5100,2575,0,1502,823,4900
5144,2544,0,1494,818,4856
5150,2554,0,1436,860,4850
5169,2526,0,1454,851,4831
5178,2456,0,1501,865,4822
5281,2391,0,1466,862,4719
5334,2311,0,1485,870,4666
5410,2247,0,1508,835,4590
5471,2187,0,1498,844,4529
5558,2121,0,1488,833,4442
5637,2114,0,1489,760,4363
5638,2139,0,1458,765,4362
5616,2170,0,1470,744,4384
5624,2212,0,1454,710,4376
5572,2233,0,1459,736,4428
5593,2216,0,1446,745,4407
5534,2228,0,1475,763,4466
5479,2270,0,1450,801,4521
5421,2312,0,1456,811,4579
5426,2351,0,1421,802,4574
5318,2459,0,1428,795,4682
5281,2487,0,1417,815,4719
5252,2484,0,1477,787,4748
5266,2472,0,1474,788,4734
5222,2454,0,1536,788,4778
5285,2414,0,1511,790,4715
5361,2332,0,1507,800,4639
5377,2322,0,1491,810,4623
5456,2289,0,1465,790,4544
5513,2251,0,1436,800,4487
5571,2282,0,1403,744,4429
5529,2317,0,1405,749,4471
5443,2382,0,1429,746,4557
5347,2391,0,1495,767,4653
5431,2398,0,1420,751,4569
5345,2386,0,1496,773,4655
5438,2353,0,1473,736,4562
5278,2424,0,1567,731,4722
5317,2412,0,1511,760,4683
5229,2443,0,1549,779,4771
5242,2425,0,1538,795,4758
5267,2389,0,1525,819,4733
5292,2411,0,1482,815,4708
5279,2464,0,1469,788,4721
5243,2435,0,1513,809,4757
5357,2405,0,1475,763,4643
5261,2421,0,1517,801,4739
5328,2382,0,1518,772,4672
5364,2417,0,1471,748,4636
5371,2382,0,1502,745,4629
5402,2350,0,1511,737,4598
5390,2346,0,1560,704,4610
5403,2322,0,1540,735,4597
5471,2289,0,1516,724,4529
5476,2289,0,1519,716,4524
5495,2290,0,1544,671,4505
5486,2311,0,1546,657,4514
5469,2394,0,1454,683,4531
5324,2447,0,1560,669,4676
5278,2483,0,1537,702,4722
5239,2488,0,1590,683,4761
5308,2490,0,1513,689,4692
5247,2517,0,1556,680,4753
5235,2495,0,1574,696,4765
5247,2473,0,1564,716,4753
5242,2508,0,1550,700,4758
5206,2506,0,1592,696,4794
5301,2450,0,1542,707,4699
5399,2402,0,1501,698,4601
5410,2370,0,1520,700,4590
5471,2336,0,1460,733,4529
5417,2362,0,1478,743,4583
5406,2408,0,1497,689,4594
5376,2462,0,1473,689,4624
5402,2480,0,1448,670,4598
5324,2543,0,1441,692,4676
5262,2592,0,1462,684,4738
5186,2575,0,1533,706,4814
5253,2546,0,1489,712,4747
5134,2555,0,1593,718,4866
5158,2582,0,1574,686,4842
5040,2608,0,1653,699,4960
5052,2556,0,1718,674,4948
5199,2527,0,1639,635,4801
5192,2546,0,1612,650,4808
5204,2558,0,1620,618,4796
5159,2584,0,1616,641,4841
5091,2550,0,1649,710,4909
5168,2489,0,1617,726,4832
5189,2410,0,1651,750,4811
5348,2295,0,1605,752,4652
5426,2175,0,1659,740,4574
5528,2141,0,1582,749,4472
5599,2127,0,1528,746,4401
5598,2176,0,1516,710,4402
5578,2239,0,1498,685,4422
5530,2305,0,1516,649,4470
5517,2361,0,1452,670,4483
5456,2451,0,1432,661,4544
5349,2541,0,1454,656,4651
5291,2615,0,1448,646,4709
5189,2712,0,1411,688,4811
5106,2792,0,1431,671,4894
5052,2834,0,1408,706,4948
4918,2860,0,1503,719,5082
4881,2855,0,1518,746,5119
4816,2811,0,1590,783,5184
4941,2732,0,1564,763,5059
5004,2682,0,1533,781,4996
5072,2584,0,1585,759,4928
5103,2506,0,1614,777,4897
5168,2439,0,1573,820,4832
5243,2402,0,1537,818,4757
5274,2395,0,1562,769,4726
5331,2384,0,1518,767,4669
5329,2351,0,1558,762,4671
5396,2328,0,1554,722,4604
5368,2321,0,1538,773,4632
5457,2345,0,1453,745,4543
5392,2374,0,1473,761,4608
5369,2406,0,1446,779,4631
5369,2449,0,1421,761,4631
5303,2455,0,1438,804,4697
5297,2455,0,1427,821,4703
5302,2489,0,1433,776,4698
5205,2515,0,1453,827,4795
5246,2497,0,1467,790,4754
5199,2486,0,1491,824,4801
5237,2445,0,1492,826,4763
5280,2441,0,1461,818,4720
5393,2360,0,1453,794,4607
5492,2325,0,1413,770,4508
5395,2402,0,1439,764,4605
5341,2434,0,1432,793,4659
5400,2426,0,1422,752,4600
5320,2462,0,1427,791,4680
5310,2505,0,1403,782,4690
5337,2507,0,1416,740,4663
5309,2495,0,1427,769,4691
5355,2461,0,1442,742,4645
5320,2473,0,1448,759,4680
5254,2503,0,1436,807,4746
5207,2512,0,1481,800,4793
5243,2497,0,1456,804,4757
5263,2489,0,1470,778,4737
5295,2497,0,1430,778,4705
5253,2548,0,1434,765,4747
5197,2598,0,1464,741,4803
5208,2632,0,1397,763,4792
5143,2623,0,1448,786,4857
5197,2563,0,1417,823,4803
5176,2560,0,1467,797,4824
5257,2533,0,1434,776,4743
5194,2541,0,1495,770,4806
5201,2533,0,1480,786,4799
5202,2547,0,1479,772,4798
5255,2560,0,1436,749,4745
5269,2535,0,1441,755,4731
5284,2521,0,1430,765,4716
5318,2520,0,1377,785,4682
5203,2551,0,1420,826,4797
5159,2551,0,1419,871,4841
5090,2542,0,1500,868,4910
5145,2462,0,1524,869,4855
5238,2380,0,1529,853,4762
5318,2360,0,1489,833,4682
5391,2243,0,1531,835,4609
5439,2219,0,1535,807,4561
5481,2212,0,1510,797,4519
5439,2233,0,1554,774,4561
5523,2249,0,1480,748,4477
5422,2293,0,1518,767,4578
5413,2284,0,1527,776,4587
5448,2230,0,1517,805,4552
5502,2194,0,1515,789,4498
5513,2202,0,1506,779,4487
5529,2204,0,1478,789,4471
5566,2238,0,1431,765,4434
5491,2305,0,1413,791,4509
5444,2349,0,1381,826,4556
5389,2415,0,1408,788,4611
5332,2471,0,1411,786,4668
5333,2513,0,1398,756,4667
5183,2579,0,1438,800,4817
5219,2575,0,1489,717,4781
5173,2582,0,1499,746,4827
5198,2524,0,1543,735,4802
5243,2494,0,1481,782,4757
5264,2494,0,1467,775,4736
5276,2480,0,1481,763,4724
5293,2453,0,1502,752,4707
5351,2379,0,1497,773,4649
5347,2346,0,1523,784,4653
5394,2363,0,1434,809,4606
5374,2340,0,1511,775,4626
5447,2334,0,1451,768,4553
5404,2335,0,1457,804,4596
5491,2273,0,1409,827,4509
5530,2282,0,1387,801,4470
5580,2304,0,1368,748,4420
5450,2377,0,1381,792,4550
5357,2395,0,1422,826,4643
5403,2436,0,1399,762,4597
5246,2497,0,1464,793,4754
5281,2487,0,1458,774,4719
5257,2481,0,1453,809,4743
5207,2487,0,1490,816,4793
5252,2464,0,1502,782,4748
5296,2404,0,1525,775,4704
5362,2390,0,1479,769,4638
5377,2349,0,1518,756,4623
5458,2350,0,1447,745,4542
5413,2368,0,1456,763,4587
5371,2437,0,1433,759,4629
5335,2475,0,1422,768,4665
5299,2481,0,1470,750,4701
5223,2515,0,1489,773,4777
5273,2478,0,1441,808,4727
5251,2490,0,1478,781,4749
5286,2462,0,1459,793,4714
5282,2429,0,1511,778,4718
5293,2405,0,1490,812,4707
5392,2385,0,1430,793,4608
5431,2402,0,1363,804,4569
5338,2408,0,1446,808,4662
5405,2401,0,1439,755,4595
5440,2407,0,1404,749,4560
5414,2393,0,1411,782,4586
5444,2374,0,1426,756,4556
5437,2373,0,1420,770,4563
5488,2358,0,1422,732,4512
5460,2420,0,1401,719,4540
5337,2516,0,1405,742,4663
5208,2612,0,1439,741,4792
5171,2620,0,1477,732,4829
5175,2651,0,1420,754,4825
5180,2659,0,1429,732,4820
5114,2702,0,1456,728,4886
5105,2702,0,1476,717,4895
5052,2744,0,1470,734,4948
4985,2788,0,1518,709,5015
4994,2832,0,1424,750,5006
4949,2821,0,1462,768,5051
4956,2801,0,1433,810,5044
4919,2769,0,1523,789,5081
4887,2739,0,1544,830,5113
4967,2664,0,1595,774,5033
5028,2608,0,1614,750,4972
5062,2553,0,1602,783,4938
5175,2510,0,1538,777,4825
5142,2490,0,1543,825,4858
